,is_Above_35,is_Below_18,is_Between_25_and_35,is_Between_18_and_24,I enjoy places that are crowded with people,I enjoy nightlife ,I can't wait for my next outdoor activity,I find spending time in nature to be relaxing ,I like to go to museums and art galleries ,I find cultural and educational topics interesting ,"In my free time, you will find me reading a book",I am not a religious person,I enjoy places that are calm and not too crowded with people,I consider myself a spiritual person,I enjoy spending some time on self-care and personal services,I enjoy shopping for clothes,I enjoy physical exercise ,I like to practice sports,I enjoy dining in restaurants,I find grocery shopping fun,I absolutely hate shopping in general,I prefer take-away and delivery over dining in a restaurant,Sometimes a movie night is what I need,I like animals,in_a_relationship
0,0,0,0,1,4,5,4,5,2,3,1,5,3,3,4,2,4,4,4,3,4,3,5,5,1
1,0,0,0,1,3,2,5,5,5,5,5,4,4,3,4,3,5,5,4,5,5,3,4,5,1
2,0,0,1,0,2,5,5,5,3,2,3,5,5,4,3,4,4,4,4,2,3,1,2,5,0
3,0,0,0,1,2,4,3,5,4,4,5,1,4,4,4,3,4,4,3,2,3,3,5,3,0
4,0,0,0,1,2,5,3,5,1,3,1,2,4,3,3,3,3,4,5,4,3,4,4,5,0
5,0,0,0,1,2,1,4,3,3,4,2,1,4,3,4,4,4,4,5,3,2,3,4,1,0
6,0,0,0,1,2,1,1,2,2,2,2,5,4,1,4,3,5,4,4,4,1,1,5,4,0
7,0,0,0,1,5,5,5,5,3,5,5,4,2,5,5,1,5,5,5,1,1,1,5,5,1
8,0,0,0,1,3,4,3,5,3,5,3,1,4,3,3,2,4,5,4,1,4,2,4,3,1
9,0,0,0,1,1,1,5,5,3,5,1,3,5,3,3,2,5,5,5,3,1,1,5,5,0
10,0,0,1,0,1,3,4,5,1,3,1,5,5,3,3,3,5,5,3,3,5,5,5,5,0
11,0,0,0,1,3,3,3,3,3,3,3,2,4,4,4,2,4,4,5,5,5,5,5,5,1
12,0,0,0,1,2,5,5,5,5,3,4,2,5,3,5,5,5,5,4,5,1,4,5,5,1
13,0,0,1,0,3,4,4,4,4,5,3,5,4,2,3,5,5,5,5,3,1,1,4,2,1
14,0,0,0,1,3,1,4,5,3,4,3,1,5,4,3,2,3,3,2,4,2,4,2,5,0
15,0,0,1,0,2,2,2,5,5,5,3,1,5,3,5,4,5,5,5,5,1,1,5,5,0
16,0,0,0,1,3,5,4,4,3,4,1,5,4,3,4,3,5,5,5,3,4,3,4,5,1
17,0,0,1,0,3,3,3,5,4,4,4,3,4,3,4,1,5,5,3,3,2,2,3,5,0
18,0,0,1,0,3,4,4,4,3,4,2,1,3,5,4,5,4,4,4,4,1,3,4,5,1
19,0,0,0,1,2,4,4,5,4,5,3,2,3,4,3,1,4,3,2,1,4,3,4,5,0
20,0,0,0,1,5,5,5,5,5,4,3,1,3,4,3,3,4,4,5,4,2,1,5,3,1
21,0,0,0,1,2,3,2,5,3,3,1,1,5,4,5,3,5,3,3,3,1,5,5,5,0
22,0,0,0,1,3,4,4,5,5,5,5,4,3,4,5,4,5,4,5,4,3,3,5,5,1
23,0,0,0,1,1,1,1,3,1,3,3,3,5,1,3,5,5,5,5,5,1,5,5,5,0
24,0,0,1,0,3,2,4,3,2,4,2,1,3,4,3,2,5,5,4,2,2,1,4,5,1
25,0,0,1,0,5,3,2,3,1,5,5,5,1,1,5,1,5,5,3,1,3,1,5,5,1
26,0,0,1,0,4,5,5,5,1,3,1,2,4,3,4,4,4,5,3,3,2,3,4,4,1
27,0,0,0,1,3,5,4,5,1,5,3,5,5,1,5,5,5,5,5,5,1,1,5,5,0
28,0,0,0,1,3,1,3,5,3,3,5,1,3,5,5,1,5,5,5,5,1,1,3,5,1
29,0,0,0,1,1,1,2,4,4,4,1,2,5,2,4,2,5,5,3,1,4,4,3,4,0
30,0,0,1,0,5,5,5,1,1,5,1,5,1,5,5,5,5,5,1,1,5,5,5,1,0
31,0,0,0,1,3,4,3,4,2,3,1,3,5,3,4,5,3,3,5,5,1,1,3,2,1
32,0,0,1,0,3,4,4,5,2,5,5,5,3,5,5,4,4,4,4,1,5,3,5,5,0
33,0,0,0,1,4,5,5,5,5,5,1,5,5,2,5,3,5,4,5,2,3,3,5,5,0
34,0,0,1,0,1,2,5,5,1,3,4,5,5,4,4,1,5,5,3,1,5,4,5,5,1
35,0,0,0,1,5,5,5,5,3,3,1,1,3,4,5,4,5,5,5,3,1,1,5,4,0
36,0,0,0,1,3,3,5,5,3,5,3,1,5,4,2,1,3,4,3,2,2,3,3,3,0
37,0,0,0,1,1,1,5,5,4,4,5,4,5,3,4,1,4,5,3,1,5,5,5,5,1
38,0,0,0,1,4,4,4,5,5,5,5,2,4,2,5,5,5,5,4,5,1,3,4,4,0
39,0,0,0,1,4,4,3,2,4,3,1,1,2,1,3,5,2,2,5,5,1,3,5,4,1
40,0,0,0,1,4,3,2,5,5,5,4,2,5,3,5,5,5,5,3,5,1,2,5,5,0
41,0,0,0,1,3,4,3,5,2,4,1,5,4,2,2,3,3,2,2,4,3,2,3,3,0
42,0,0,0,1,1,3,4,4,2,2,1,5,5,5,5,5,1,1,5,5,1,3,5,5,1
43,0,0,1,0,1,1,4,5,4,3,3,5,5,5,3,1,5,5,3,3,3,5,5,5,1
44,0,0,1,0,3,2,3,4,4,4,5,1,4,3,3,2,2,2,2,1,4,3,5,3,0
45,0,0,0,1,1,5,3,4,2,3,3,1,5,3,4,3,4,5,5,3,3,1,2,4,1
46,0,0,1,0,3,1,3,5,3,4,3,1,4,4,3,2,4,5,4,1,2,2,4,5,1
47,0,0,1,0,4,4,4,5,3,4,4,2,1,2,4,5,4,4,4,2,4,2,1,5,0
48,1,0,0,0,3,3,3,4,4,5,3,3,4,4,4,3,5,5,4,3,2,3,3,3,0
49,0,0,0,1,3,3,2,5,1,2,3,2,5,4,4,3,5,5,2,3,5,5,4,4,0
50,0,0,0,1,2,2,3,3,3,3,1,4,4,2,4,2,4,4,3,4,3,4,1,4,1
51,0,0,0,1,3,2,2,4,2,3,5,5,5,2,3,1,4,4,3,2,2,4,3,5,0
52,0,0,0,1,4,5,4,4,3,4,1,2,2,2,4,4,4,4,4,4,1,1,5,5,0
53,0,0,0,1,3,5,3,1,1,4,5,4,4,4,3,5,2,2,4,4,1,3,4,2,1
54,0,1,0,0,4,5,5,5,5,5,4,1,3,3,3,2,5,5,4,5,3,2,5,5,0
55,0,0,0,1,2,5,3,5,2,3,3,1,4,3,4,1,2,3,5,3,3,4,3,4,0
56,0,0,1,0,3,3,3,5,4,4,2,1,3,4,4,4,5,5,3,3,1,3,4,4,0
57,0,0,0,1,2,4,4,5,2,3,1,1,5,2,4,3,5,5,4,4,2,3,5,5,0
58,0,0,1,0,3,2,3,4,4,5,2,5,3,3,4,4,5,5,5,3,1,2,5,5,1
59,1,0,0,0,3,4,4,5,3,5,4,4,4,4,4,2,4,4,3,2,2,4,3,3,0
60,0,0,0,1,2,2,4,5,3,3,2,3,5,2,2,2,5,5,2,2,3,4,5,5,0
61,0,0,0,1,3,4,5,4,5,4,3,2,4,3,4,3,4,4,4,3,3,3,3,4,0
62,0,0,1,0,3,2,4,5,3,5,3,5,4,1,5,1,5,4,3,5,3,3,3,3,0
63,0,0,0,1,3,3,5,5,5,4,5,1,5,5,5,5,5,5,5,5,1,1,5,1,1
64,0,0,1,0,3,3,5,5,3,3,2,5,4,3,3,2,5,5,4,3,3,2,5,5,1
65,0,0,1,0,3,2,5,5,3,4,3,4,4,3,4,3,5,5,3,2,3,2,5,5,1
66,0,0,1,0,3,2,4,5,2,4,2,5,5,3,4,5,5,5,3,2,1,2,4,5,0
67,0,0,1,0,3,5,5,4,4,4,3,2,3,4,4,2,5,5,5,3,3,2,5,5,1
68,0,0,1,0,2,3,4,5,4,5,2,4,5,3,4,1,3,3,4,2,4,2,4,5,1
69,0,0,1,0,4,5,3,2,3,5,1,5,2,2,5,5,5,5,5,4,1,2,5,5,1
70,1,0,0,0,3,5,3,3,1,4,1,5,4,1,3,3,4,5,2,4,2,4,5,4,1
71,0,0,1,0,3,3,5,5,4,5,5,2,4,3,4,3,5,5,4,3,1,1,4,4,0
72,1,0,0,0,3,3,4,5,2,4,3,3,5,3,5,4,5,5,3,3,4,4,5,5,0
73,0,0,1,0,2,3,3,4,4,4,5,4,5,3,3,3,3,4,4,2,2,3,3,5,0
74,0,0,1,0,1,1,3,5,4,5,4,2,4,4,4,2,3,3,3,3,3,5,5,5,0
75,0,0,1,0,4,4,5,5,3,5,5,3,4,3,4,2,4,4,4,3,1,1,4,5,0
76,0,0,0,1,3,4,4,4,3,4,4,2,4,3,3,1,5,5,3,3,5,3,4,5,0
77,0,0,1,0,5,5,3,3,4,4,2,4,2,3,4,4,3,3,4,3,2,2,5,4,0
78,0,0,0,1,5,2,4,3,5,5,1,5,5,3,5,3,2,2,3,4,3,5,2,4,0
79,1,0,0,0,2,1,2,1,4,5,1,3,5,5,4,5,4,2,2,3,2,3,1,5,1
80,0,0,0,1,3,4,3,5,2,4,3,1,4,3,4,3,3,4,5,4,2,3,3,5,0
81,0,1,0,0,4,3,5,4,1,2,2,1,3,4,2,3,5,5,5,1,3,3,3,3,1
82,0,1,0,0,2,2,5,5,4,4,3,1,4,1,4,2,5,5,2,2,4,3,2,4,0
83,0,0,1,0,1,1,5,5,5,3,1,5,5,3,4,4,5,5,3,5,1,3,4,5,0
84,1,0,0,0,3,2,4,5,5,4,4,1,3,2,3,5,3,4,5,2,2,1,5,5,1
85,1,0,0,0,2,2,3,5,1,5,1,4,5,2,5,5,3,4,5,1,1,1,5,5,1
86,1,0,0,0,4,2,4,5,3,5,2,1,3,5,4,4,3,3,4,1,1,1,5,5,1
87,1,0,0,0,1,1,5,5,1,5,3,1,5,4,5,5,5,5,4,5,1,1,5,1,1
88,1,0,0,0,3,3,3,5,4,4,3,1,3,4,5,5,5,5,4,4,1,3,3,5,1
89,1,0,0,0,5,5,5,5,5,5,5,1,1,5,5,5,5,5,5,5,1,1,5,5,1
90,0,0,1,0,2,2,5,5,3,3,2,5,5,3,4,2,5,5,2,3,3,4,5,4,0
91,1,0,0,0,5,5,5,5,5,5,1,1,1,5,5,5,5,5,5,5,5,5,1,1,1
92,1,0,0,0,3,3,3,4,3,4,4,1,5,3,4,3,3,4,4,4,1,3,4,4,0
93,1,0,0,0,5,4,3,4,4,3,1,1,2,4,4,3,5,5,5,3,3,2,4,5,0
94,1,0,0,0,1,3,5,5,5,5,1,1,5,5,3,3,4,3,4,3,3,2,5,1,1
95,1,0,0,0,3,3,5,5,2,4,3,1,4,3,5,5,5,5,5,5,1,1,5,4,1
96,0,0,1,0,3,1,5,5,5,5,5,2,4,4,5,5,4,4,5,5,1,1,5,5,0
97,0,0,0,1,3,3,3,5,3,5,4,3,4,3,3,3,4,4,1,3,3,3,4,5,1
98,0,0,1,0,3,5,5,5,3,3,3,1,3,4,4,4,4,4,4,4,1,2,4,3,1
99,0,0,0,1,3,4,5,5,3,5,3,2,4,4,5,5,4,4,5,5,1,2,5,5,0
100,0,0,1,0,3,4,1,3,4,4,3,1,3,3,3,4,4,5,4,3,2,3,3,5,0
101,0,0,1,0,3,1,4,3,3,3,2,1,2,5,4,4,4,4,4,4,2,1,4,2,0
102,0,0,1,0,5,1,2,5,3,3,2,4,5,3,4,3,3,3,5,3,2,2,5,5,1
103,1,0,0,0,1,2,5,5,3,5,3,5,5,1,1,3,3,2,4,2,2,3,5,5,1
104,1,0,0,0,3,5,5,5,5,5,3,3,3,3,3,5,4,5,5,3,1,5,5,5,0
105,0,0,1,0,3,4,2,3,3,3,1,2,3,2,3,5,4,4,4,3,1,2,4,2,1
106,0,0,0,1,3,5,2,4,5,5,4,3,3,5,5,5,5,5,5,5,1,1,5,5,0
107,0,0,0,1,5,3,5,5,3,4,1,1,5,5,3,5,4,4,3,5,2,1,4,3,0
108,1,0,0,0,1,3,2,4,2,3,2,2,4,3,3,3,2,1,3,3,2,1,3,3,1
109,0,0,0,1,1,2,4,5,3,3,2,4,5,3,3,1,5,5,3,2,2,2,4,4,1
110,0,0,0,1,3,2,5,5,3,4,1,1,5,4,5,4,5,5,4,3,1,2,5,5,1
111,0,0,0,1,2,3,5,5,5,5,5,2,5,4,5,2,5,5,5,5,3,2,5,5,0
112,0,1,0,0,3,5,3,3,2,2,1,5,5,5,4,5,5,5,4,2,1,3,5,5,1
113,0,0,0,1,2,4,2,1,4,5,4,1,5,2,5,5,1,2,5,5,1,1,5,2,0
114,0,0,0,1,3,2,3,3,3,4,1,4,4,2,1,2,4,5,2,2,4,4,4,4,0
115,1,0,0,0,3,3,2,5,2,5,3,2,3,2,4,5,4,4,5,4,1,2,5,2,1
116,0,0,0,1,2,1,3,2,2,5,2,4,4,1,2,2,4,4,2,2,4,4,4,4,0
117,0,0,0,1,5,2,5,5,3,5,2,2,5,1,2,3,4,4,3,3,2,3,2,4,0
118,0,0,0,1,2,2,4,4,4,3,1,4,4,3,4,5,5,5,4,3,2,3,2,4,0
119,1,0,0,0,2,2,5,5,3,3,5,1,5,5,5,3,4,4,4,2,1,3,3,5,1
120,0,0,0,1,3,3,5,5,4,5,2,4,5,1,2,4,3,3,5,3,1,2,4,4,0
121,0,0,0,1,3,5,5,5,5,5,2,5,3,4,5,3,2,2,3,2,1,2,5,5,1
122,0,0,0,1,3,4,5,5,1,2,1,3,4,1,3,1,4,3,1,3,5,5,5,4,0
123,0,0,0,1,3,4,5,5,5,5,3,5,3,1,3,3,3,3,5,3,1,2,4,4,0
124,0,0,1,0,3,3,3,5,3,3,2,5,4,3,4,2,5,5,4,2,3,3,4,5,0
125,0,0,1,0,1,5,5,5,5,5,3,1,5,5,4,5,3,3,2,3,2,4,5,2,1
126,0,0,0,1,3,5,4,5,2,4,1,1,5,4,5,5,3,4,3,3,1,3,5,1,1
127,0,0,0,1,4,4,4,5,1,4,1,5,4,1,4,3,4,4,2,2,4,5,4,5,1
128,0,0,0,1,4,5,5,5,4,5,2,3,5,4,5,3,5,5,5,2,2,1,5,5,0
129,0,0,0,1,2,2,5,5,5,5,5,5,4,2,3,3,5,5,5,5,5,3,2,5,1
130,0,0,0,1,3,5,5,4,3,4,1,3,5,3,5,5,5,5,5,5,1,2,5,5,0
131,0,0,1,0,1,2,5,5,2,4,3,2,5,5,5,3,4,5,4,5,3,1,3,5,1
