,is_Above_35,is_Below_18,is_Between_25_and_35,is_Between_18_and_24,I enjoy places that are crowded with people,I enjoy nightlife ,I can't wait for my next outdoor activity,I find spending time in nature to be relaxing ,I like to go to museums and art galleries ,I find cultural and educational topics interesting ,"In my free time, you will find me reading a book",I am not a religious person,I enjoy places that are calm and not too crowded with people,I consider myself a spiritual person,I enjoy spending some time on self-care and personal services,I enjoy shopping for clothes,I enjoy physical exercise ,I like to practice sports,I enjoy dining in restaurants,I find grocery shopping fun,I absolutely hate shopping in general,I prefer take-away and delivery over dining in a restaurant,Sometimes a movie night is what I need,I like animals,Are you currently in a relationship?,"I am open to exploring and participating in activities that my partner enjoys, even if they don't fit with my personal preferences.",My partner and I discuss and plan for our future together.,relationship_is_I'm_happy,relationship_is_Slippery_Slope,relationship_is_Everything_is_going_well,relationship_is_I_found_the_one!,relationship_is_Neutral,partner_is_Thoughtful,partner_is_Compassionate,partner_is_Supportive,partner_is_Understanding,partner_is_Patient,partner_is_Dishonest,partner_is_Poor_communication_skills,partner_is_Un-empathetic,partner_is_Selfish,partner_is_Poor_temper_control,partner_is_Unreliable,partner_is_Close-minded,partner_is_Impatient,partner_is_Controlling,user_is_Thoughtful,user_is_Compassionate,user_is_Supportive,user_is_Understanding,user_is_Patient,user_is_Dishonest,user_is_Poor_communication_skills,user_is_Un-empathetic,user_is_Selfish,user_is_Poor_temper_control,user_is_Unreliable,user_is_Close-minded,user_is_Impatient,user_is_Controlling,couple_has_Communication_(Healthy_conflict_resolution_included),couple_has_Trust_and_Commitment,couple_has_Respect,couple_has_Support,couple_has_Shared Values_(Alignment_on_important_issues),couple_has_Intimacy,couple_has_Independence,couple_has_I_will_pass_on_this_one...,couple_enjoys_Outdoor_and_Nature_Activities,"couple_enjoys_Social_and_Entertainment_(Shopping,_Dining,_Parties,_Bars_...)",couple_enjoys_Sports_or_any_physical_activity,"couple_enjoys_Relaxation_and_Self-care_(Yoga,_spa_...)","couple_enjoys_Spiritual_activities_(Meditation,_prayers_...)","couple_enjoys_Cultural_and_Educational_(Museums,_Historical_sites_...)","couple_enjoys_Entertainment_(Movies,_Amusement_parks_...)",is_A_few_times_a_week,"is_Every_once_in_a_while,_but_not_every_week",is_We_are_very_busy_and_don't_spend_quality_time_together,is_Every_day,is_in_a_relationship
0,0,0,0,1,4,5,4,5,2,3,1,5,3,3,4,2,4,4,4,3,4,3,5,5,1,1,1,1,0,0,0,0,1,0,1,1,0,0,1,0,0,0,0,0,1,0,1,0,1,1,0,0,0,0,0,1,0,0,1,0,1,0,1,0,0,1,0,0,1,1,1,0,0,1,0,1,0,0,0,0
1,0,0,0,1,3,2,5,5,5,5,5,4,4,3,4,3,5,5,4,5,5,3,4,5,1,1,1,0,1,0,0,0,0,0,0,0,0,0,1,0,0,1,1,0,0,0,1,0,1,1,1,0,1,0,0,0,0,0,0,0,0,0,0,0,0,0,0,1,1,1,1,0,0,1,1,1,0,0,0,0
2,0,0,1,0,2,5,5,5,3,2,3,5,5,4,3,4,4,4,4,2,3,1,2,5,0,0,0,0,0,0,0,0,0,0,0,0,0,0,0,0,0,0,0,0,0,0,0,0,0,0,0,0,0,0,0,0,0,0,0,0,0,0,0,0,0,0,0,0,0,0,0,0,0,0,0,0,0,0,0,1
3,0,0,0,1,2,4,3,5,4,4,5,1,4,4,4,3,4,4,3,2,3,3,5,3,0,0,0,0,0,0,0,0,0,0,0,0,0,0,0,0,0,0,0,0,0,0,0,0,0,0,0,0,0,0,0,0,0,0,0,0,0,0,0,0,0,0,0,0,0,0,0,0,0,0,0,0,0,0,0,1
4,0,0,0,1,2,5,3,5,1,3,1,2,4,3,3,3,3,4,5,4,3,4,4,5,0,0,0,0,0,0,0,0,0,0,0,0,0,0,0,0,0,0,0,0,0,0,0,0,0,0,0,0,0,0,0,0,0,0,0,0,0,0,0,0,0,0,0,0,0,0,0,0,0,0,0,0,0,0,0,1
5,0,0,0,1,2,1,4,3,3,4,2,1,4,3,4,4,4,4,5,3,2,3,4,1,0,0,0,0,0,0,0,0,0,0,0,0,0,0,0,0,0,0,0,0,0,0,0,0,0,0,0,0,0,0,0,0,0,0,0,0,0,0,0,0,0,0,0,0,0,0,0,0,0,0,0,0,0,0,0,1
6,0,0,0,1,2,1,1,2,2,2,2,5,4,1,4,3,5,4,4,4,1,1,5,4,0,0,0,0,0,0,0,0,0,0,0,0,0,0,0,0,0,0,0,0,0,0,0,0,0,0,0,0,0,0,0,0,0,0,0,0,0,0,0,0,0,0,0,0,0,0,0,0,0,0,0,0,0,0,0,1
7,0,0,0,1,5,5,5,5,3,5,5,4,2,5,5,1,5,5,5,1,1,1,5,5,1,1,1,0,0,1,0,0,0,0,1,0,1,0,0,0,0,0,0,0,0,0,0,0,1,1,1,0,0,0,0,0,0,0,0,0,1,1,1,1,0,1,0,0,0,0,0,1,1,0,0,0,1,0,0,0
8,0,0,0,1,3,4,3,5,3,5,3,1,4,3,3,2,4,5,4,1,4,2,4,3,1,1,1,0,0,1,0,0,0,1,1,0,0,0,1,0,0,0,1,0,0,0,1,1,0,1,0,0,0,0,0,0,0,0,1,0,1,1,1,1,0,1,1,0,1,0,0,0,0,1,1,0,1,0,0,0
9,0,0,0,1,1,1,5,5,3,5,1,3,5,3,3,2,5,5,5,3,1,1,5,5,0,0,0,0,0,0,0,0,0,0,0,0,0,0,0,0,0,0,0,0,0,0,0,0,0,0,0,0,0,0,0,0,0,0,0,0,0,0,0,0,0,0,0,0,0,0,0,0,0,0,0,0,0,0,0,1
10,0,0,1,0,1,3,4,5,1,3,1,5,5,3,3,3,5,5,3,3,5,5,5,5,0,0,0,0,0,0,0,0,0,0,0,0,0,0,0,0,0,0,0,0,0,0,0,0,0,0,0,0,0,0,0,0,0,0,0,0,0,0,0,0,0,0,0,0,0,0,0,0,0,0,0,0,0,0,0,1
11,0,0,0,1,3,3,3,3,3,3,3,2,4,4,4,2,4,4,5,5,5,5,5,5,1,1,1,0,0,1,0,0,1,1,1,1,1,0,0,0,0,0,0,0,0,0,1,0,1,1,1,0,0,0,0,0,0,1,0,1,1,1,1,1,0,1,1,0,0,0,0,0,0,0,1,0,0,1,0,0
12,0,0,0,1,2,5,5,5,5,3,4,2,5,3,5,5,5,5,4,5,1,4,5,5,1,1,1,0,0,0,1,0,1,1,1,1,1,0,0,0,0,0,0,0,0,0,1,1,1,1,1,0,0,0,0,0,0,0,0,0,1,1,1,1,0,1,1,0,1,1,1,1,1,1,1,0,0,0,1,0
13,0,0,1,0,3,4,4,4,4,5,3,5,4,2,3,5,5,5,5,3,1,1,4,2,1,1,1,0,1,0,0,0,0,1,1,0,0,0,0,0,0,1,0,0,1,1,1,1,1,1,0,0,0,0,0,0,0,0,0,0,1,0,0,0,0,0,0,0,0,0,1,0,0,0,1,1,0,0,0,0
14,0,0,0,1,3,1,4,5,3,4,3,1,5,4,3,2,3,3,2,4,2,4,2,5,0,0,0,0,0,0,0,0,0,0,0,0,0,0,0,0,0,0,0,0,0,0,0,0,0,0,0,0,0,0,0,0,0,0,0,0,0,0,0,0,0,0,0,0,0,0,0,0,0,0,0,0,0,0,0,1
15,0,0,1,0,2,2,2,5,5,5,3,1,5,3,5,4,5,5,5,5,1,1,5,5,0,0,0,0,0,0,0,0,0,0,0,0,0,0,0,0,0,0,0,0,0,0,0,0,0,0,0,0,0,0,0,0,0,0,0,0,0,0,0,0,0,0,0,0,0,0,0,0,0,0,0,0,0,0,0,1
16,0,0,0,1,3,5,4,4,3,4,1,5,4,3,4,3,5,5,5,3,4,3,4,5,1,1,1,0,0,1,0,0,1,1,1,1,1,0,0,0,0,0,0,0,0,0,1,1,1,1,1,0,0,0,0,0,0,0,0,0,0,0,0,0,0,0,0,1,0,1,0,1,0,1,1,0,0,0,1,0
17,0,0,1,0,3,3,3,5,4,4,4,3,4,3,4,1,5,5,3,3,2,2,3,5,0,0,0,0,0,0,0,0,0,0,0,0,0,0,0,0,0,0,0,0,0,0,0,0,0,0,0,0,0,0,0,0,0,0,0,0,0,0,0,0,0,0,0,0,0,0,0,0,0,0,0,0,0,0,0,1
18,0,0,1,0,3,4,4,4,3,4,2,1,3,5,4,5,4,4,4,4,1,3,4,5,1,1,1,0,0,1,0,0,1,1,1,1,1,0,0,0,0,0,0,0,0,0,1,1,1,1,1,0,0,0,0,0,0,0,0,0,1,1,1,1,0,1,1,0,1,1,0,0,0,0,1,0,0,0,1,0
19,0,0,0,1,2,4,4,5,4,5,3,2,3,4,3,1,4,3,2,1,4,3,4,5,0,0,0,0,0,0,0,0,0,0,0,0,0,0,0,0,0,0,0,0,0,0,0,0,0,0,0,0,0,0,0,0,0,0,0,0,0,0,0,0,0,0,0,0,0,0,0,0,0,0,0,0,0,0,0,1
20,0,0,0,1,5,5,5,5,5,4,3,1,3,4,3,3,4,4,5,4,2,1,5,3,1,1,1,0,0,0,1,0,1,1,1,1,0,0,0,0,0,0,0,0,0,0,1,1,1,1,1,0,0,0,1,0,0,0,0,0,1,1,1,1,0,1,1,0,0,1,0,0,0,0,1,1,0,0,0,0
21,0,0,0,1,2,3,2,5,3,3,1,1,5,4,5,3,5,3,3,3,1,5,5,5,0,0,0,0,0,0,0,0,0,0,0,0,0,0,0,0,0,0,0,0,0,0,0,0,0,0,0,0,0,0,0,0,0,0,0,0,0,0,0,0,0,0,0,0,0,0,0,0,0,0,0,0,0,0,0,1
22,0,0,0,1,3,4,4,5,5,5,5,4,3,4,5,4,5,4,5,4,3,3,5,5,1,1,1,0,0,0,1,0,1,1,1,1,1,0,0,0,0,0,0,0,0,0,1,1,1,1,1,0,0,0,0,1,0,0,1,0,1,1,1,1,0,1,1,0,0,1,0,1,0,0,1,1,0,0,0,0
23,0,0,0,1,1,1,1,3,1,3,3,3,5,1,3,5,5,5,5,5,1,5,5,5,0,0,0,0,0,0,0,0,0,0,0,0,0,0,0,0,0,0,0,0,0,0,0,0,0,0,0,0,0,0,0,0,0,0,0,0,0,0,0,0,0,0,0,0,0,0,0,0,0,0,0,0,0,0,0,1
24,0,0,1,0,3,2,4,3,2,4,2,1,3,4,3,2,5,5,4,2,2,1,4,5,1,0,1,0,0,0,1,0,1,1,1,1,1,0,0,0,0,0,0,0,0,0,1,1,1,1,1,0,0,0,0,0,0,0,0,0,1,1,1,1,0,0,1,0,1,1,0,1,1,1,1,1,0,0,0,0
25,0,0,1,0,5,3,2,3,1,5,5,5,1,1,5,1,5,5,3,1,3,1,5,5,1,0,1,0,0,1,0,0,1,1,1,1,1,0,0,0,0,0,0,0,0,0,0,0,1,1,0,0,0,1,1,1,0,0,0,1,1,1,1,1,0,1,1,0,0,1,1,1,0,0,1,1,0,0,0,0
26,0,0,1,0,4,5,5,5,1,3,1,2,4,3,4,4,4,5,3,3,2,3,4,4,1,1,1,1,0,0,0,0,1,1,1,1,0,0,0,0,0,1,0,0,1,0,1,1,1,1,1,0,0,0,0,0,0,0,0,0,1,1,1,1,0,1,0,0,1,1,1,1,0,0,1,1,0,0,0,0
27,0,0,0,1,3,5,4,5,1,5,3,5,5,1,5,5,5,5,5,5,1,1,5,5,0,0,0,0,0,0,0,0,0,0,0,0,0,0,0,0,0,0,0,0,0,0,0,0,0,0,0,0,0,0,0,0,0,0,0,0,0,0,0,0,0,0,0,0,0,0,0,0,0,0,0,0,0,0,0,1
28,0,0,0,1,3,1,3,5,3,3,5,1,3,5,5,1,5,5,5,5,1,1,3,5,1,0,1,0,0,1,0,0,0,1,1,1,0,0,0,0,0,0,0,0,0,0,1,1,1,1,0,0,0,0,0,0,0,0,0,0,1,1,1,1,0,1,1,0,1,1,1,1,1,1,1,0,0,0,1,0
29,0,0,0,1,1,1,2,4,4,4,1,2,5,2,4,2,5,5,3,1,4,4,3,4,0,0,0,0,0,0,0,0,0,0,0,0,0,0,0,0,0,0,0,0,0,0,0,0,0,0,0,0,0,0,0,0,0,0,0,0,0,0,0,0,0,0,0,0,0,0,0,0,0,0,0,0,0,0,0,1
30,0,0,1,0,5,5,5,1,1,5,1,5,1,5,5,5,5,5,1,1,5,5,5,1,0,0,0,0,0,0,0,0,0,0,0,0,0,0,0,0,0,0,0,0,0,0,0,0,0,0,0,0,0,0,0,0,0,0,0,0,0,0,0,0,0,0,0,0,0,0,0,0,0,0,0,0,0,0,0,1
31,0,0,0,1,3,4,3,4,2,3,1,3,5,3,4,5,3,3,5,5,1,1,3,2,1,1,0,0,0,0,1,0,1,1,1,1,1,0,0,0,0,0,0,0,0,0,1,1,1,1,0,0,0,0,0,1,0,0,1,0,1,0,0,0,0,0,0,0,1,1,0,1,0,0,1,1,0,0,0,0
32,0,0,1,0,3,4,4,5,2,5,5,5,3,5,5,4,4,4,4,1,5,3,5,5,0,0,0,0,0,0,0,0,0,0,0,0,0,0,0,0,0,0,0,0,0,0,0,0,0,0,0,0,0,0,0,0,0,0,0,0,0,0,0,0,0,0,0,0,0,0,0,0,0,0,0,0,0,0,0,1
33,0,0,0,1,4,5,5,5,5,5,1,5,5,2,5,3,5,4,5,2,3,3,5,5,0,0,0,0,0,0,0,0,0,0,0,0,0,0,0,0,0,0,0,0,0,0,0,0,0,0,0,0,0,0,0,0,0,0,0,0,0,0,0,0,0,0,0,0,0,0,0,0,0,0,0,0,0,0,0,1
34,0,0,1,0,1,2,5,5,1,3,4,5,5,4,4,1,5,5,3,1,5,4,5,5,1,1,1,0,0,0,1,0,1,1,1,1,1,0,0,0,0,0,1,0,0,0,1,1,1,1,0,0,0,0,0,0,0,0,1,1,1,1,1,1,0,1,1,0,1,0,1,0,0,0,1,1,0,0,0,0
35,0,0,0,1,5,5,5,5,3,3,1,1,3,4,5,4,5,5,5,3,1,1,5,4,0,0,0,0,0,0,0,0,0,0,0,0,0,0,0,0,0,0,0,0,0,0,0,0,0,0,0,0,0,0,0,0,0,0,0,0,0,0,0,0,0,0,0,0,0,0,0,0,0,0,0,0,0,0,0,1
36,0,0,0,1,3,3,5,5,3,5,3,1,5,4,2,1,3,4,3,2,2,3,3,3,0,0,0,0,0,0,0,0,0,0,0,0,0,0,0,0,0,0,0,0,0,0,0,0,0,0,0,0,0,0,0,0,0,0,0,0,0,0,0,0,0,0,0,0,0,0,0,0,0,0,0,0,0,0,0,1
37,0,0,0,1,1,1,5,5,4,4,5,4,5,3,4,1,4,5,3,1,5,5,5,5,1,1,1,0,0,1,0,0,1,1,1,1,1,0,0,0,0,0,0,0,1,0,1,0,1,1,0,0,0,1,0,1,0,0,1,0,0,0,0,0,0,0,0,1,1,0,1,1,0,1,1,1,0,0,0,0
38,0,0,0,1,4,4,4,5,5,5,5,2,4,2,5,5,5,5,4,5,1,3,4,4,0,0,0,0,0,0,0,0,0,0,0,0,0,0,0,0,0,0,0,0,0,0,0,0,0,0,0,0,0,0,0,0,0,0,0,0,0,0,0,0,0,0,0,0,0,0,0,0,0,0,0,0,0,0,0,1
39,0,0,0,1,4,4,3,2,4,3,1,1,2,1,3,5,2,2,5,5,1,3,5,4,1,1,1,1,0,0,0,0,1,1,1,1,1,0,0,0,0,0,0,0,0,0,1,1,1,1,1,0,0,0,0,1,0,0,0,0,1,1,1,1,0,1,1,0,1,0,0,0,0,0,0,0,1,0,0,0
40,0,0,0,1,4,3,2,5,5,5,4,2,5,3,5,5,5,5,3,5,1,2,5,5,0,0,0,0,0,0,0,0,0,0,0,0,0,0,0,0,0,0,0,0,0,0,0,0,0,0,0,0,0,0,0,0,0,0,0,0,0,0,0,0,0,0,0,0,0,0,0,0,0,0,0,0,0,0,0,1
41,0,0,0,1,3,4,3,5,2,4,1,5,4,2,2,3,3,2,2,4,3,2,3,3,0,0,0,0,0,0,0,0,0,0,0,0,0,0,0,0,0,0,0,0,0,0,0,0,0,0,0,0,0,0,0,0,0,0,0,0,0,0,0,0,0,0,0,0,0,0,0,0,0,0,0,0,0,0,0,1
42,0,0,0,1,1,3,4,4,2,2,1,5,5,5,5,5,1,1,5,5,1,3,5,5,1,1,1,0,0,1,0,0,1,0,1,1,1,0,0,0,0,0,0,0,0,0,1,1,1,1,0,0,0,0,0,1,0,0,0,0,1,1,1,1,0,1,1,0,1,1,0,0,0,0,1,1,0,0,0,0
43,0,0,1,0,1,1,4,5,4,3,3,5,5,5,3,1,5,5,3,3,3,5,5,5,1,0,1,0,0,0,1,0,1,1,1,1,1,0,1,0,0,0,0,0,1,0,1,1,1,1,1,0,0,0,0,0,0,0,0,0,1,1,1,1,0,1,1,0,1,1,1,0,0,0,1,0,0,0,1,0
44,0,0,1,0,3,2,3,4,4,4,5,1,4,3,3,2,2,2,2,1,4,3,5,3,0,0,0,0,0,0,0,0,0,0,0,0,0,0,0,0,0,0,0,0,0,0,0,0,0,0,0,0,0,0,0,0,0,0,0,0,0,0,0,0,0,0,0,0,0,0,0,0,0,0,0,0,0,0,0,1
45,0,0,0,1,1,5,3,4,2,3,3,1,5,3,4,3,4,5,5,3,3,1,2,4,1,1,1,0,0,1,0,0,1,1,1,1,1,0,0,0,0,0,0,0,0,0,1,1,1,1,0,0,0,0,0,0,0,0,0,0,0,0,0,0,0,0,0,1,1,0,0,0,0,0,0,1,0,0,0,0
46,0,0,1,0,3,1,3,5,3,4,3,1,4,4,3,2,4,5,4,1,2,2,4,5,1,0,0,0,1,0,0,0,1,0,0,0,1,0,1,0,1,0,0,0,0,0,1,1,1,1,1,0,0,0,0,0,0,0,0,0,1,0,0,1,0,1,0,0,0,1,0,0,0,1,1,1,0,0,0,0
47,0,0,1,0,4,4,4,5,3,4,4,2,1,2,4,5,4,4,4,2,4,2,1,5,0,0,0,0,0,0,0,0,0,0,0,0,0,0,0,0,0,0,0,0,0,0,0,0,0,0,0,0,0,0,0,0,0,0,0,0,0,0,0,0,0,0,0,0,0,0,0,0,0,0,0,0,0,0,0,1
48,1,0,0,0,3,3,3,4,4,5,3,3,4,4,4,3,5,5,4,3,2,3,3,3,0,0,0,0,0,0,0,0,0,0,0,0,0,0,0,0,0,0,0,0,0,0,0,0,0,0,0,0,0,0,0,0,0,0,0,0,0,0,0,0,0,0,0,0,0,0,0,0,0,0,0,0,0,0,0,1
49,0,0,0,1,3,3,2,5,1,2,3,2,5,4,4,3,5,5,2,3,5,5,4,4,0,0,0,0,0,0,0,0,0,0,0,0,0,0,0,0,0,0,0,0,0,0,0,0,0,0,0,0,0,0,0,0,0,0,0,0,0,0,0,0,0,0,0,0,0,0,0,0,0,0,0,0,0,0,0,1
50,0,0,0,1,2,2,3,3,3,3,1,4,4,2,4,2,4,4,3,4,3,4,1,4,1,0,0,1,0,0,0,0,1,1,1,1,1,0,0,0,0,0,0,0,0,0,0,0,1,1,1,0,1,1,0,0,0,0,0,0,1,1,1,1,0,1,1,0,0,1,0,1,0,0,1,1,0,0,0,0
51,0,0,0,1,3,2,2,4,2,3,5,5,5,2,3,1,4,4,3,2,2,4,3,5,0,0,0,0,0,0,0,0,0,0,0,0,0,0,0,0,0,0,0,0,0,0,0,0,0,0,0,0,0,0,0,0,0,0,0,0,0,0,0,0,0,0,0,0,0,0,0,0,0,0,0,0,0,0,0,1
52,0,0,0,1,4,5,4,4,3,4,1,2,2,2,4,4,4,4,4,4,1,1,5,5,0,0,0,0,0,0,0,0,0,0,0,0,0,0,0,0,0,0,0,0,0,0,0,0,0,0,0,0,0,0,0,0,0,0,0,0,0,0,0,0,0,0,0,0,0,0,0,0,0,0,0,0,0,0,0,1
53,0,0,0,1,3,5,3,1,1,4,5,4,4,4,3,5,2,2,4,4,1,3,4,2,1,1,0,0,0,0,1,0,1,1,1,1,1,0,0,0,0,0,0,0,0,0,1,1,1,1,0,0,0,0,0,0,0,0,1,0,1,1,1,1,0,1,1,0,0,1,0,0,0,0,1,1,0,0,0,0
54,0,1,0,0,4,5,5,5,5,5,4,1,3,3,3,2,5,5,4,5,3,2,5,5,0,0,0,0,0,0,0,0,0,0,0,0,0,0,0,0,0,0,0,0,0,0,0,0,0,0,0,0,0,0,0,0,0,0,0,0,0,0,0,0,0,0,0,0,0,0,0,0,0,0,0,0,0,0,0,1
55,0,0,0,1,2,5,3,5,2,3,3,1,4,3,4,1,2,3,5,3,3,4,3,4,0,0,0,0,0,0,0,0,0,0,0,0,0,0,0,0,0,0,0,0,0,0,0,0,0,0,0,0,0,0,0,0,0,0,0,0,0,0,0,0,0,0,0,0,0,0,0,0,0,0,0,0,0,0,0,1
56,0,0,1,0,3,3,3,5,4,4,2,1,3,4,4,4,5,5,3,3,1,3,4,4,0,0,0,0,0,0,0,0,0,0,0,0,0,0,0,0,0,0,0,0,0,0,0,0,0,0,0,0,0,0,0,0,0,0,0,0,0,0,0,0,0,0,0,0,0,0,0,0,0,0,0,0,0,0,0,1
57,0,0,0,1,2,4,4,5,2,3,1,1,5,2,4,3,5,5,4,4,2,3,5,5,0,0,0,0,0,0,0,0,0,0,0,0,0,0,0,0,0,0,0,0,0,0,0,0,0,0,0,0,0,0,0,0,0,0,0,0,0,0,0,0,0,0,0,0,0,0,0,0,0,0,0,0,0,0,0,1
58,0,0,1,0,3,2,3,4,4,5,2,5,3,3,4,4,5,5,5,3,1,2,5,5,1,1,1,0,0,0,1,0,1,1,1,1,1,0,0,0,0,0,0,0,0,0,1,1,1,1,0,0,0,0,0,1,0,0,1,0,1,1,1,1,0,1,1,0,0,1,0,1,0,1,1,0,1,0,0,0
59,1,0,0,0,3,4,4,5,3,5,4,4,4,4,4,2,4,4,3,2,2,4,3,3,0,0,0,0,0,0,0,0,0,0,0,0,0,0,0,0,0,0,0,0,0,0,0,0,0,0,0,0,0,0,0,0,0,0,0,0,0,0,0,0,0,0,0,0,0,0,0,0,0,0,0,0,0,0,0,1
60,0,0,0,1,2,2,4,5,3,3,2,3,5,2,2,2,5,5,2,2,3,4,5,5,0,0,0,0,0,0,0,0,0,0,0,0,0,0,0,0,0,0,0,0,0,0,0,0,0,0,0,0,0,0,0,0,0,0,0,0,0,0,0,0,0,0,0,0,0,0,0,0,0,0,0,0,0,0,0,1
61,0,0,0,1,3,4,5,4,5,4,3,2,4,3,4,3,4,4,4,3,3,3,3,4,0,0,0,0,0,0,0,0,0,0,0,0,0,0,0,0,0,0,0,0,0,0,0,0,0,0,0,0,0,0,0,0,0,0,0,0,0,0,0,0,0,0,0,0,0,0,0,0,0,0,0,0,0,0,0,1
62,0,0,1,0,3,2,4,5,3,5,3,5,4,1,5,1,5,4,3,5,3,3,3,3,0,0,0,0,0,0,0,0,0,0,0,0,0,0,0,0,0,0,0,0,0,0,0,0,0,0,0,0,0,0,0,0,0,0,0,0,0,0,0,0,0,0,0,0,0,0,0,0,0,0,0,0,0,0,0,1
63,0,0,0,1,3,3,5,5,5,4,5,1,5,5,5,5,5,5,5,5,1,1,5,1,1,1,1,1,0,0,0,0,0,0,1,1,1,0,0,0,0,0,0,1,0,1,1,0,1,1,0,0,0,0,0,0,0,0,1,0,1,0,0,0,0,0,0,0,1,1,1,1,1,1,1,0,0,1,0,0
64,0,0,1,0,3,3,5,5,3,3,2,5,4,3,3,2,5,5,4,3,3,2,5,5,1,0,0,0,0,0,0,1,1,1,1,1,1,0,1,0,0,1,1,0,1,0,0,1,1,0,0,0,1,0,1,0,1,0,1,0,0,0,0,0,0,0,0,1,0,0,1,1,0,0,0,0,0,0,1,0
65,0,0,1,0,3,2,5,5,3,4,3,4,4,3,4,3,5,5,3,2,3,2,5,5,1,1,0,1,0,0,0,0,1,1,1,1,1,0,0,0,0,0,0,0,0,0,1,0,1,1,1,0,0,0,0,0,0,0,0,0,1,1,1,1,0,0,1,0,1,0,1,0,0,0,1,1,0,0,0,0
66,0,0,1,0,3,2,4,5,2,4,2,5,5,3,4,5,5,5,3,2,1,2,4,5,0,0,0,0,0,0,0,0,0,0,0,0,0,0,0,0,0,0,0,0,0,0,0,0,0,0,0,0,0,0,0,0,0,0,0,0,0,0,0,0,0,0,0,0,0,0,0,0,0,0,0,0,0,0,0,1
67,0,0,1,0,3,5,5,4,4,4,3,2,3,4,4,2,5,5,5,3,3,2,5,5,1,1,1,0,0,0,1,0,1,1,1,1,0,0,1,0,0,0,0,0,1,0,1,1,1,1,1,0,0,0,0,0,0,0,0,0,0,1,1,1,0,1,1,0,1,1,1,0,0,0,1,1,0,0,0,0
68,0,0,1,0,2,3,4,5,4,5,2,4,5,3,4,1,3,3,4,2,4,2,4,5,1,1,1,1,0,0,0,0,1,1,1,1,1,0,0,0,0,0,0,0,0,0,1,1,1,1,0,0,0,0,0,0,0,0,1,0,1,1,1,1,0,1,1,0,1,0,0,1,0,1,1,0,0,0,1,0
69,0,0,1,0,4,5,3,2,3,5,1,5,2,2,5,5,5,5,5,4,1,2,5,5,1,1,1,0,0,1,0,0,1,0,0,1,1,0,0,0,0,0,0,0,0,1,1,0,1,1,0,0,0,0,0,0,0,0,0,1,1,1,1,1,0,0,0,0,1,1,0,1,0,0,1,0,0,0,1,0
70,1,0,0,0,3,5,3,3,1,4,1,5,4,1,3,3,4,5,2,4,2,4,5,4,1,1,0,0,0,0,0,1,0,0,0,0,0,1,1,0,1,0,1,1,0,0,1,1,1,0,1,0,0,0,0,0,0,0,0,0,0,0,0,0,0,0,0,1,1,0,0,0,0,0,0,0,0,1,0,0
71,0,0,1,0,3,3,5,5,4,5,5,2,4,3,4,3,5,5,4,3,1,1,4,4,0,0,0,0,0,0,0,0,0,0,0,0,0,0,0,0,0,0,0,0,0,0,0,0,0,0,0,0,0,0,0,0,0,0,0,0,0,0,0,0,0,0,0,0,0,0,0,0,0,0,0,0,0,0,0,1
72,1,0,0,0,3,3,4,5,2,4,3,3,5,3,5,4,5,5,3,3,4,4,5,5,0,0,0,0,0,0,0,0,0,0,0,0,0,0,0,0,0,0,0,0,0,0,0,0,0,0,0,0,0,0,0,0,0,0,0,0,0,0,0,0,0,0,0,0,0,0,0,0,0,0,0,0,0,0,0,1
73,0,0,1,0,2,3,3,4,4,4,5,4,5,3,3,3,3,4,4,2,2,3,3,5,0,0,0,0,0,0,0,0,0,0,0,0,0,0,0,0,0,0,0,0,0,0,0,0,0,0,0,0,0,0,0,0,0,0,0,0,0,0,0,0,0,0,0,0,0,0,0,0,0,0,0,0,0,0,0,1
74,0,0,1,0,1,1,3,5,4,5,4,2,4,4,4,2,3,3,3,3,3,5,5,5,0,0,0,0,0,0,0,0,0,0,0,0,0,0,0,0,0,0,0,0,0,0,0,0,0,0,0,0,0,0,0,0,0,0,0,0,0,0,0,0,0,0,0,0,0,0,0,0,0,0,0,0,0,0,0,1
75,0,0,1,0,4,4,5,5,3,5,5,3,4,3,4,2,4,4,4,3,1,1,4,5,0,0,0,0,0,0,0,0,0,0,0,0,0,0,0,0,0,0,0,0,0,0,0,0,0,0,0,0,0,0,0,0,0,0,0,0,0,0,0,0,0,0,0,0,0,0,0,0,0,0,0,0,0,0,0,1
76,0,0,0,1,3,4,4,4,3,4,4,2,4,3,3,1,5,5,3,3,5,3,4,5,0,0,0,0,0,0,0,0,0,0,0,0,0,0,0,0,0,0,0,0,0,0,0,0,0,0,0,0,0,0,0,0,0,0,0,0,0,0,0,0,0,0,0,0,0,0,0,0,0,0,0,0,0,0,0,1
77,0,0,1,0,5,5,3,3,4,4,2,4,2,3,4,4,3,3,4,3,2,2,5,4,0,0,0,0,0,0,0,0,0,0,0,0,0,0,0,0,0,0,0,0,0,0,0,0,0,0,0,0,0,0,0,0,0,0,0,0,0,0,0,0,0,0,0,0,0,0,0,0,0,0,0,0,0,0,0,1
78,0,0,0,1,5,2,4,3,5,5,1,5,5,3,5,3,2,2,3,4,3,5,2,4,0,0,0,0,0,0,0,0,0,0,0,0,0,0,0,0,0,0,0,0,0,0,0,0,0,0,0,0,0,0,0,0,0,0,0,0,0,0,0,0,0,0,0,0,0,0,0,0,0,0,0,0,0,0,0,1
79,1,0,0,0,2,1,2,1,4,5,1,3,5,5,4,5,4,2,2,3,2,3,1,5,1,1,0,1,0,0,0,0,1,0,0,0,1,0,0,0,1,0,0,0,0,0,1,0,0,0,1,0,0,0,0,0,0,0,0,0,0,0,1,1,0,0,1,0,0,1,0,0,0,0,0,0,0,0,1,0
80,0,0,0,1,3,4,3,5,2,4,3,1,4,3,4,3,3,4,5,4,2,3,3,5,0,0,0,0,0,0,0,0,0,0,0,0,0,0,0,0,0,0,0,0,0,0,0,0,0,0,0,0,0,0,0,0,0,0,0,0,0,0,0,0,0,0,0,0,0,0,0,0,0,0,0,0,0,0,0,1
81,0,1,0,0,4,3,5,4,1,2,2,1,3,4,2,3,5,5,5,1,3,3,3,3,1,1,1,0,0,1,0,0,1,1,0,1,1,0,0,0,0,0,0,0,0,0,1,1,1,1,1,0,0,0,0,0,0,0,0,0,1,1,0,0,0,0,1,0,1,1,0,0,0,0,1,0,0,1,0,0
82,0,1,0,0,2,2,5,5,4,4,3,1,4,1,4,2,5,5,2,2,4,3,2,4,0,0,0,0,0,0,0,0,0,0,0,0,0,0,0,0,0,0,0,0,0,0,0,0,0,0,0,0,0,0,0,0,0,0,0,0,0,0,0,0,0,0,0,0,0,0,0,0,0,0,0,0,0,0,0,1
83,0,0,1,0,1,1,5,5,5,3,1,5,5,3,4,4,5,5,3,5,1,3,4,5,0,0,0,0,0,0,0,0,0,0,0,0,0,0,0,0,0,0,0,0,0,0,0,0,0,0,0,0,0,0,0,0,0,0,0,0,0,0,0,0,0,0,0,0,0,0,0,0,0,0,0,0,0,0,0,1
84,1,0,0,0,3,2,4,5,5,4,4,1,3,2,3,5,3,4,5,2,2,1,5,5,1,0,0,1,0,0,0,0,1,0,1,1,0,0,0,0,0,0,0,0,0,0,1,0,1,1,0,0,0,0,0,0,0,0,0,0,1,1,1,1,0,0,1,0,1,1,0,0,0,0,1,1,0,0,0,0
85,1,0,0,0,2,2,3,5,1,5,1,4,5,2,5,5,3,4,5,1,1,1,5,5,1,1,1,0,0,1,0,0,0,1,1,0,0,0,0,0,0,0,0,0,0,0,1,0,1,0,0,0,0,0,0,0,0,0,0,0,0,0,0,0,0,0,0,1,1,1,0,0,0,0,1,0,0,0,1,0
86,1,0,0,0,4,2,4,5,3,5,2,1,3,5,4,4,3,3,4,1,1,1,5,5,1,1,1,1,0,0,0,0,0,0,1,0,0,0,0,0,0,0,0,0,0,0,0,0,0,0,0,0,0,0,0,0,0,0,0,0,0,0,0,0,0,0,0,1,0,1,0,0,0,0,0,1,0,0,0,0
87,1,0,0,0,1,1,5,5,1,5,3,1,5,4,5,5,5,5,4,5,1,1,5,1,1,1,1,0,0,1,0,0,1,0,1,1,0,0,0,0,0,1,0,0,1,0,1,0,1,1,1,0,0,0,0,0,0,0,0,0,1,1,1,1,0,1,1,0,1,1,1,0,0,0,1,0,0,0,1,0
88,1,0,0,0,3,3,3,5,4,4,3,1,3,4,5,5,5,5,4,4,1,3,3,5,1,1,1,1,0,0,0,0,1,1,1,1,1,0,0,0,0,0,0,0,0,0,1,1,1,1,1,0,0,0,0,0,0,0,0,0,1,1,1,1,0,1,1,0,1,1,0,1,0,0,1,0,0,0,1,0
89,1,0,0,0,5,5,5,5,5,5,5,1,1,5,5,5,5,5,5,5,1,1,5,5,1,1,1,0,0,0,1,0,1,1,1,1,1,0,0,0,0,0,0,0,0,0,1,1,1,1,0,1,0,0,0,0,0,0,0,0,1,1,1,1,0,1,1,0,0,1,1,0,0,1,1,0,0,0,1,0
90,0,0,1,0,2,2,5,5,3,3,2,5,5,3,4,2,5,5,2,3,3,4,5,4,0,0,0,0,0,0,0,0,0,0,0,0,0,0,0,0,0,0,0,0,0,0,0,0,0,0,0,0,0,0,0,0,0,0,0,0,0,0,0,0,0,0,0,0,0,0,0,0,0,0,0,0,0,0,0,1
91,1,0,0,0,5,5,5,5,5,5,1,1,1,5,5,5,5,5,5,5,5,5,1,1,1,1,1,0,0,1,0,0,0,0,0,1,0,0,0,0,0,0,0,0,0,0,0,0,1,0,0,0,0,0,0,0,0,0,0,0,0,0,0,1,0,0,0,0,1,0,0,0,0,0,0,0,0,0,1,0
92,1,0,0,0,3,3,3,4,3,4,4,1,5,3,4,3,3,4,4,4,1,3,4,4,0,0,0,0,0,0,0,0,0,0,0,0,0,0,0,0,0,0,0,0,0,0,0,0,0,0,0,0,0,0,0,0,0,0,0,0,0,0,0,0,0,0,0,0,0,0,0,0,0,0,0,0,0,0,0,1
93,1,0,0,0,5,4,3,4,4,3,1,1,2,4,4,3,5,5,5,3,3,2,4,5,0,0,0,0,0,0,0,0,0,0,0,0,0,0,0,0,0,0,0,0,0,0,0,0,0,0,0,0,0,0,0,0,0,0,0,0,0,0,0,0,0,0,0,0,0,0,0,0,0,0,0,0,0,0,0,1
94,1,0,0,0,1,3,5,5,5,5,1,1,5,5,3,3,4,3,4,3,3,2,5,1,1,0,0,1,0,0,0,0,0,0,0,0,0,0,0,0,0,1,1,1,1,0,1,1,1,1,1,0,0,0,0,0,0,0,0,0,0,1,0,0,0,1,1,0,0,1,0,0,1,0,1,0,0,1,0,0
95,1,0,0,0,3,3,5,5,2,4,3,1,4,3,5,5,5,5,5,5,1,1,5,4,1,0,1,0,0,0,1,0,0,0,1,1,0,0,0,0,0,0,0,0,0,0,0,0,1,1,0,0,0,0,0,0,0,0,0,0,0,0,0,0,0,0,0,1,1,0,0,0,0,0,0,1,0,0,0,0
96,0,0,1,0,3,1,5,5,5,5,5,2,4,4,5,5,4,4,5,5,1,1,5,5,0,0,0,0,0,0,0,0,0,0,0,0,0,0,0,0,0,0,0,0,0,0,0,0,0,0,0,0,0,0,0,0,0,0,0,0,0,0,0,0,0,0,0,0,0,0,0,0,0,0,0,0,0,0,0,1
97,0,0,0,1,3,3,3,5,3,5,4,3,4,3,3,3,4,4,1,3,3,3,4,5,1,0,0,0,0,0,0,1,0,1,1,1,1,0,0,0,0,0,0,0,0,0,0,0,0,0,0,0,0,0,0,0,0,0,0,0,0,0,0,0,0,0,0,1,0,0,0,0,0,0,1,0,1,0,0,0
98,0,0,1,0,3,5,5,5,3,3,3,1,3,4,4,4,4,4,4,4,1,2,4,3,1,0,1,1,0,0,0,0,1,1,0,1,0,0,0,0,0,1,0,0,1,0,1,1,1,0,0,0,0,0,1,1,0,0,1,1,0,1,1,0,0,1,0,0,1,0,0,0,0,0,1,0,1,0,0,0
99,0,0,0,1,3,4,5,5,3,5,3,2,4,4,5,5,4,4,5,5,1,2,5,5,0,0,0,0,0,0,0,0,0,0,0,0,0,0,0,0,0,0,0,0,0,0,0,0,0,0,0,0,0,0,0,0,0,0,0,0,0,0,0,0,0,0,0,0,0,0,0,0,0,0,0,0,0,0,0,1
100,0,0,1,0,3,4,1,3,4,4,3,1,3,3,3,4,4,5,4,3,2,3,3,5,0,0,0,0,0,0,0,0,0,0,0,0,0,0,0,0,0,0,0,0,0,0,0,0,0,0,0,0,0,0,0,0,0,0,0,0,0,0,0,0,0,0,0,0,0,0,0,0,0,0,0,0,0,0,0,1
101,0,0,1,0,3,1,4,3,3,3,2,1,2,5,4,4,4,4,4,4,2,1,4,2,0,0,0,0,0,0,0,0,0,0,0,0,0,0,0,0,0,0,0,0,0,0,0,0,0,0,0,0,0,0,0,0,0,0,0,0,0,0,0,0,0,0,0,0,0,0,0,0,0,0,0,0,0,0,0,1
102,0,0,1,0,5,1,2,5,3,3,2,4,5,3,4,3,3,3,5,3,2,2,5,5,1,1,1,0,0,1,0,0,1,1,1,1,1,0,0,0,0,0,0,0,0,0,1,1,1,1,1,0,0,0,0,0,0,0,0,0,0,0,0,0,0,0,1,0,1,1,1,0,0,0,1,1,0,0,0,0
103,1,0,0,0,1,2,5,5,3,5,3,5,5,1,1,3,3,2,4,2,2,3,5,5,1,1,1,0,0,1,0,0,1,1,0,0,1,0,0,0,0,0,0,0,0,0,1,1,1,0,0,0,0,0,0,0,0,0,1,0,1,1,1,1,0,1,1,0,1,0,0,0,0,0,0,0,0,0,1,0
104,1,0,0,0,3,5,5,5,5,5,3,3,3,3,3,5,4,5,5,3,1,5,5,5,0,0,0,0,0,0,0,0,0,0,0,0,0,0,0,0,0,0,0,0,0,0,0,0,0,0,0,0,0,0,0,0,0,0,0,0,0,0,0,0,0,0,0,0,0,0,0,0,0,0,0,0,0,0,0,1
105,0,0,1,0,3,4,2,3,3,3,1,2,3,2,3,5,4,4,4,3,1,2,4,2,1,1,1,1,0,0,0,0,0,0,1,1,1,0,0,0,0,0,0,0,0,0,1,0,1,1,0,0,0,0,0,0,0,0,1,0,1,1,1,1,0,1,1,0,0,1,0,1,0,0,1,0,1,0,0,0
106,0,0,0,1,3,5,2,4,5,5,4,3,3,5,5,5,5,5,5,5,1,1,5,5,0,0,0,0,0,0,0,0,0,0,0,0,0,0,0,0,0,0,0,0,0,0,0,0,0,0,0,0,0,0,0,0,0,0,0,0,0,0,0,0,0,0,0,0,0,0,0,0,0,0,0,0,0,0,0,1
107,0,0,0,1,5,3,5,5,3,4,1,1,5,5,3,5,4,4,3,5,2,1,4,3,0,0,0,0,0,0,0,0,0,0,0,0,0,0,0,0,0,0,0,0,0,0,0,0,0,0,0,0,0,0,0,0,0,0,0,0,0,0,0,0,0,0,0,0,0,0,0,0,0,0,0,0,0,0,0,1
108,1,0,0,0,1,3,2,4,2,3,2,2,4,3,3,3,2,1,3,3,2,1,3,3,1,0,0,0,0,0,0,1,1,0,1,1,0,0,0,0,0,0,0,0,0,0,0,0,1,1,1,0,0,0,0,0,0,0,0,0,0,0,0,0,0,1,0,0,1,1,0,0,0,1,1,1,0,0,0,0
109,0,0,0,1,1,2,4,5,3,3,2,4,5,3,3,1,5,5,3,2,2,2,4,4,1,0,0,0,0,1,0,0,1,1,1,0,1,0,0,0,0,0,0,0,0,0,1,1,0,0,1,0,0,0,0,0,0,0,0,1,1,1,1,1,0,0,0,0,1,1,0,0,0,1,1,0,0,0,1,0
110,0,0,0,1,3,2,5,5,3,4,1,1,5,4,5,4,5,5,4,3,1,2,5,5,1,1,0,1,0,0,0,0,1,1,1,1,0,0,0,0,0,0,0,0,0,0,1,1,1,1,1,0,0,0,0,0,0,0,0,0,1,1,1,1,0,1,1,0,1,1,1,0,0,1,1,1,0,0,0,0
111,0,0,0,1,2,3,5,5,5,5,5,2,5,4,5,2,5,5,5,5,3,2,5,5,0,0,0,0,0,0,0,0,0,0,0,0,0,0,0,0,0,0,0,0,0,0,0,0,0,0,0,0,0,0,0,0,0,0,0,0,0,0,0,0,0,0,0,0,0,0,0,0,0,0,0,0,0,0,0,1
112,0,1,0,0,3,5,3,3,2,2,1,5,5,5,4,5,5,5,4,2,1,3,5,5,1,1,1,1,0,0,0,0,1,1,1,1,1,0,0,0,0,1,0,1,1,0,1,1,1,1,1,0,0,0,0,1,0,1,1,0,1,1,1,1,0,1,1,0,1,1,1,0,0,1,1,0,0,0,1,0
113,0,0,0,1,2,4,2,1,4,5,4,1,5,2,5,5,1,2,5,5,1,1,5,2,0,0,0,0,0,0,0,0,0,0,0,0,0,0,0,0,0,0,0,0,0,0,0,0,0,0,0,0,0,0,0,0,0,0,0,0,0,0,0,0,0,0,0,0,0,0,0,0,0,0,0,0,0,0,0,1
114,0,0,0,1,3,2,3,3,3,4,1,4,4,2,1,2,4,5,2,2,4,4,4,4,0,0,0,0,0,0,0,0,0,0,0,0,0,0,0,0,0,0,0,0,0,0,0,0,0,0,0,0,0,0,0,0,0,0,0,0,0,0,0,0,0,0,0,0,0,0,0,0,0,0,0,0,0,0,0,1
115,1,0,0,0,3,3,2,5,2,5,3,2,3,2,4,5,4,4,5,4,1,2,5,2,1,1,0,1,0,0,0,0,0,0,1,1,1,0,0,0,0,0,0,0,0,0,0,0,1,1,0,0,0,0,0,0,0,0,1,0,0,0,1,1,0,0,1,0,1,1,0,0,0,1,0,0,1,0,0,0
116,0,0,0,1,2,1,3,2,2,5,2,4,4,1,2,2,4,4,2,2,4,4,4,4,0,0,0,0,0,0,0,0,0,0,0,0,0,0,0,0,0,0,0,0,0,0,0,0,0,0,0,0,0,0,0,0,0,0,0,0,0,0,0,0,0,0,0,0,0,0,0,0,0,0,0,0,0,0,0,1
117,0,0,0,1,5,2,5,5,3,5,2,2,5,1,2,3,4,4,3,3,2,3,2,4,0,0,0,0,0,0,0,0,0,0,0,0,0,0,0,0,0,0,0,0,0,0,0,0,0,0,0,0,0,0,0,0,0,0,0,0,0,0,0,0,0,0,0,0,0,0,0,0,0,0,0,0,0,0,0,1
118,0,0,0,1,2,2,4,4,4,3,1,4,4,3,4,5,5,5,4,3,2,3,2,4,0,0,0,0,0,0,0,0,0,0,0,0,0,0,0,0,0,0,0,0,0,0,0,0,0,0,0,0,0,0,0,0,0,0,0,0,0,0,0,0,0,0,0,0,0,0,0,0,0,0,0,0,0,0,0,1
119,1,0,0,0,2,2,5,5,3,3,5,1,5,5,5,3,4,4,4,2,1,3,3,5,1,0,1,1,0,0,0,0,1,1,1,1,1,0,0,0,0,0,0,0,0,0,1,1,1,1,1,0,0,0,0,0,0,0,0,0,1,1,1,1,0,1,1,0,1,1,1,1,1,1,1,0,0,0,1,0
120,0,0,0,1,3,3,5,5,4,5,2,4,5,1,2,4,3,3,5,3,1,2,4,4,0,0,0,0,0,0,0,0,0,0,0,0,0,0,0,0,0,0,0,0,0,0,0,0,0,0,0,0,0,0,0,0,0,0,0,0,0,0,0,0,0,0,0,0,0,0,0,0,0,0,0,0,0,0,0,1
121,0,0,0,1,3,5,5,5,5,5,2,5,3,4,5,3,2,2,3,2,1,2,5,5,1,1,1,1,0,0,0,0,1,1,1,1,1,0,0,0,0,0,0,0,0,0,1,1,1,1,1,0,0,0,0,0,0,0,0,0,1,1,1,1,0,1,1,0,0,1,0,0,0,0,0,1,0,0,0,0
122,0,0,0,1,3,4,5,5,1,2,1,3,4,1,3,1,4,3,1,3,5,5,5,4,0,0,0,0,0,0,0,0,0,0,0,0,0,0,0,0,0,0,0,0,0,0,0,0,0,0,0,0,0,0,0,0,0,0,0,0,0,0,0,0,0,0,0,0,0,0,0,0,0,0,0,0,0,0,0,1
123,0,0,0,1,3,4,5,5,5,5,3,5,3,1,3,3,3,3,5,3,1,2,4,4,0,0,0,0,0,0,0,0,0,0,0,0,0,0,0,0,0,0,0,0,0,0,0,0,0,0,0,0,0,0,0,0,0,0,0,0,0,0,0,0,0,0,0,0,0,0,0,0,0,0,0,0,0,0,0,1
124,0,0,1,0,3,3,3,5,3,3,2,5,4,3,4,2,5,5,4,2,3,3,4,5,0,0,0,0,0,0,0,0,0,0,0,0,0,0,0,0,0,0,0,0,0,0,0,0,0,0,0,0,0,0,0,0,0,0,0,0,0,0,0,0,0,0,0,0,0,0,0,0,0,0,0,0,0,0,0,1
125,0,0,1,0,1,5,5,5,5,5,3,1,5,5,4,5,3,3,2,3,2,4,5,2,1,1,1,0,0,0,1,0,1,1,1,1,1,0,0,0,0,0,0,0,0,0,1,1,1,1,1,0,0,0,0,1,0,0,0,0,1,1,1,1,0,1,0,0,1,1,1,1,1,1,1,0,0,0,1,0
126,0,0,0,1,3,5,4,5,2,4,1,1,5,4,5,5,3,4,3,3,1,3,5,1,1,0,0,0,0,1,0,0,1,1,1,1,1,0,0,0,0,0,0,0,0,1,1,1,1,1,1,0,0,0,0,0,0,0,0,0,1,1,1,1,0,1,1,0,1,1,0,0,0,0,1,0,1,0,0,0
127,0,0,0,1,4,4,4,5,1,4,1,5,4,1,4,3,4,4,2,2,4,5,4,5,1,1,0,0,0,0,1,0,1,1,1,1,0,0,0,0,0,0,0,0,0,0,1,1,1,1,0,0,1,0,0,0,0,0,0,0,0,0,0,0,0,0,0,1,1,0,1,0,0,0,1,0,1,0,0,0
128,0,0,0,1,4,5,5,5,4,5,2,3,5,4,5,3,5,5,5,2,2,1,5,5,0,0,0,0,0,0,0,0,0,0,0,0,0,0,0,0,0,0,0,0,0,0,0,0,0,0,0,0,0,0,0,0,0,0,0,0,0,0,0,0,0,0,0,0,0,0,0,0,0,0,0,0,0,0,0,1
129,0,0,0,1,2,2,5,5,5,5,5,5,4,2,3,3,5,5,5,5,5,3,2,5,1,1,0,0,0,0,0,1,0,1,1,0,0,0,0,0,1,1,0,0,1,0,1,1,1,1,1,0,1,0,0,0,0,0,0,0,1,0,0,0,0,1,0,0,1,1,1,0,0,1,1,1,0,0,0,0
130,0,0,0,1,3,5,5,4,3,4,1,3,5,3,5,5,5,5,5,5,1,2,5,5,0,0,0,0,0,0,0,0,0,0,0,0,0,0,0,0,0,0,0,0,0,0,0,0,0,0,0,0,0,0,0,0,0,0,0,0,0,0,0,0,0,0,0,0,0,0,0,0,0,0,0,0,0,0,0,1
131,0,0,1,0,1,2,5,5,2,4,3,2,5,5,5,3,4,5,4,5,3,1,3,5,1,1,1,0,0,0,1,0,1,1,1,1,1,0,0,0,0,0,0,0,1,0,1,1,1,1,1,0,0,0,0,1,0,0,0,0,1,1,1,1,0,1,1,0,1,1,0,1,0,0,1,0,0,0,1,0
