is_Above_35,is_Below_18,is_Between_25_and_35,is_Between_18_and_24,I enjoy places that are crowded with people,I enjoy nightlife ,I can't wait for my next outdoor activity,I find spending time in nature to be relaxing ,I like to go to museums and art galleries ,I find cultural and educational topics interesting ,"In my free time, you will find me reading a book",I am not a religious person,I enjoy places that are calm and not too crowded with people,I consider myself a spiritual person,I enjoy spending some time on self-care and personal services,I enjoy shopping for clothes,I enjoy physical exercise ,I like to practice sports,I enjoy dining in restaurants,I find grocery shopping fun,I absolutely hate shopping in general,I prefer take-away and delivery over dining in a restaurant,Sometimes a movie night is what I need,I like animals,Are you currently in a relationship?,"I am open to exploring and participating in activities that my partner enjoys, even if they don't fit with my personal preferences.",My partner and I discuss and plan for our future together.,partner_is_Thoughtful,partner_is_Compassionate,partner_is_Supportive,partner_is_Understanding,partner_is_Patient,partner_is_Dishonest,partner_is_Poor_communication_skills,partner_is_Un-empathetic,partner_is_Selfish,partner_is_Poor_temper_control,partner_is_Unreliable,partner_is_Close-minded,partner_is_Has_good_sense_of_humor,partner_is_Impatient,partner_is_Controlling,user_is_Thoughtful,user_is_Compassionate,user_is_Supportive,user_is_Understanding,user_is_Patient,user_is_Dishonest,user_is_Poor_communication_skills,user_is_Un-empathetic,user_is_Selfish,user_is_Poor_temper_control,user_is_Unreliable,user_is_Close-minded,user_is_Impatient,user_is_Controlling,couple_has_Communication_(Healthy_conflict_resolution_included),couple_has_Trust_and_Commitment,couple_has_Respect,couple_has_Support,couple_has_Shared Values_(Alignment_on_important_issues),couple_has_Intimacy,couple_has_Independence,couple_has_I_will_pass_on_this_one...,couple_enjoys_Outdoor_and_Nature_Activities,"couple_enjoys_Social_and_Entertainment_(Shopping,_Dining,_Parties,_Bars_...)",couple_enjoys_Sports_or_any_physical_activity,"couple_enjoys_Relaxation_and_Self-care_(Yoga,_spa_...)","couple_enjoys_Spiritual_activities_(Meditation,_prayers_...)","couple_enjoys_Cultural_and_Educational_(Museums,_Historical_sites_...)","couple_enjoys_Entertainment_(Movies,_Amusement_parks_...)",is_A_few_times_a_week,"is_Every_once_in_a_while,_but_not_every_week",is_We_are_very_busy_and_don't_spend_quality_time_together,is_Every_day,is_happy
0,0,0,1,4,5,4,5,2,3,1,5,3,3,4,2,4,4,4,3,4,3,5,5,1,4.0,5.0,1,0,1,1,0,0,1,0,0,0,0,0,0,1,0,1,0,1,1,0,0,0,0,0,1,0,0,1,0,1,0,1,0,0,1,0,0,1,1,1,0,0,1,0,1,0,0,0,1
0,0,0,1,3,2,5,5,5,5,5,4,4,3,4,3,5,5,4,5,5,3,4,5,1,5.0,5.0,0,0,0,0,0,0,1,0,0,1,1,0,0,0,0,1,0,1,1,1,0,1,0,0,0,0,0,0,0,0,0,0,0,0,0,0,1,1,1,1,0,0,1,1,1,0,0,0,0
0,0,0,1,5,5,5,5,3,5,5,4,2,5,5,1,5,5,5,1,1,1,5,5,1,5.0,5.0,0,0,1,0,1,0,0,0,0,0,0,0,0,0,0,0,0,1,1,1,0,0,0,0,0,0,0,0,0,1,1,1,1,0,1,0,0,0,0,0,1,1,0,0,0,1,0,0,1
0,0,0,1,3,4,3,5,3,5,3,1,4,3,3,2,4,5,4,1,4,2,4,3,1,4.0,5.0,0,1,1,0,0,0,1,0,0,0,1,0,1,0,0,1,1,0,1,0,0,0,0,0,0,0,0,1,0,1,1,1,1,0,1,1,0,1,0,0,0,0,1,1,0,1,0,0,1
0,0,0,1,3,3,3,3,3,3,3,2,4,4,4,2,4,4,5,5,5,5,5,5,1,5.0,5.0,1,1,1,1,1,0,0,0,0,0,0,0,1,0,0,1,0,1,1,1,0,0,0,0,0,0,1,0,1,1,1,1,1,0,1,1,0,0,0,0,0,0,0,1,0,0,1,0,1
0,0,0,1,2,5,5,5,5,3,4,2,5,3,5,5,5,5,4,5,1,4,5,5,1,5.0,5.0,1,1,1,1,1,0,0,0,0,0,0,0,1,0,0,1,1,1,1,1,0,0,0,0,0,0,0,0,0,1,1,1,1,0,1,1,0,1,1,1,1,1,1,1,0,0,0,1,0
0,0,1,0,3,4,4,4,4,5,3,5,4,2,3,5,5,5,5,3,1,1,4,2,1,4.0,4.0,0,1,1,0,0,0,0,0,0,1,0,0,1,1,1,1,1,1,1,0,0,0,0,0,0,0,0,0,0,1,0,0,0,0,0,0,0,0,0,1,0,0,0,1,1,0,0,0,0
0,0,0,1,3,5,4,4,3,4,1,5,4,3,4,3,5,5,5,3,4,3,4,5,1,5.0,5.0,1,1,1,1,1,0,0,0,0,0,0,0,1,0,0,1,1,1,1,1,0,0,0,0,0,0,0,0,0,0,0,0,0,0,0,0,1,0,1,0,1,0,1,1,0,0,0,1,1
0,0,1,0,3,4,4,4,3,4,2,1,3,5,4,5,4,4,4,4,1,3,4,5,1,4.0,5.0,1,1,1,1,1,0,0,0,0,0,0,0,0,0,0,1,1,1,1,1,0,0,0,0,0,0,0,0,0,1,1,1,1,0,1,1,0,1,1,0,0,0,0,1,0,0,0,1,1
0,0,0,1,5,5,5,5,5,4,3,1,3,4,3,3,4,4,5,4,2,1,5,3,1,4.0,5.0,1,1,1,1,0,0,0,0,0,0,0,0,1,0,0,1,1,1,1,1,0,0,0,1,0,0,0,0,0,1,1,1,1,0,1,1,0,0,1,0,0,0,0,1,1,0,0,0,0
0,0,0,1,3,4,4,5,5,5,5,4,3,4,5,4,5,4,5,4,3,3,5,5,1,5.0,5.0,1,1,1,1,1,0,0,0,0,0,0,0,1,0,0,1,1,1,1,1,0,0,0,0,1,0,0,1,0,1,1,1,1,0,1,1,0,0,1,0,1,0,0,1,1,0,0,0,0
0,0,1,0,3,2,4,3,2,4,2,1,3,4,3,2,5,5,4,2,2,1,4,5,1,3.0,5.0,1,1,1,1,1,0,0,0,0,0,0,0,0,0,0,1,1,1,1,1,0,0,0,0,0,0,0,0,0,1,1,1,1,0,0,1,0,1,1,0,1,1,1,1,1,0,0,0,0
0,0,1,0,5,3,2,3,1,5,5,5,1,1,5,1,5,5,3,1,3,1,5,5,1,3.0,5.0,1,1,1,1,1,0,0,0,0,0,0,0,1,0,0,0,0,1,1,0,0,0,1,1,1,0,0,0,1,1,1,1,1,0,1,1,0,0,1,1,1,0,0,1,1,0,0,0,1
0,0,1,0,4,5,5,5,1,3,1,2,4,3,4,4,4,5,3,3,2,3,4,4,1,4.0,4.0,1,1,1,1,0,0,0,0,0,1,0,0,0,1,0,1,1,1,1,1,0,0,0,0,0,0,0,0,0,1,1,1,1,0,1,0,0,1,1,1,1,0,0,1,1,0,0,0,1
0,0,0,1,3,1,3,5,3,3,5,1,3,5,5,1,5,5,5,5,1,1,3,5,1,3.0,5.0,0,1,1,1,0,0,0,0,0,0,0,0,1,0,0,1,1,1,1,0,0,0,0,0,0,0,0,0,0,1,1,1,1,0,1,1,0,1,1,1,1,1,1,1,0,0,0,1,1
0,0,0,1,3,4,3,4,2,3,1,3,5,3,4,5,3,3,5,5,1,1,3,2,1,4.0,2.0,1,1,1,1,1,0,0,0,0,0,0,0,0,0,0,1,1,1,1,0,0,0,0,0,1,0,0,1,0,1,0,0,0,0,0,0,0,1,1,0,1,0,0,1,1,0,0,0,0
0,0,1,0,1,2,5,5,1,3,4,5,5,4,4,1,5,5,3,1,5,4,5,5,1,5.0,5.0,1,1,1,1,1,0,0,0,0,0,1,0,1,0,0,1,1,1,1,0,0,0,0,0,0,0,0,1,1,1,1,1,1,0,1,1,0,1,0,1,0,0,0,1,1,0,0,0,0
0,0,0,1,1,1,5,5,4,4,5,4,5,3,4,1,4,5,3,1,5,5,5,5,1,5.0,5.0,1,1,1,1,1,0,0,0,0,0,0,0,1,1,0,1,0,1,1,0,0,0,1,0,1,0,0,1,0,0,0,0,0,0,0,0,1,1,0,1,1,0,1,1,1,0,0,0,1
0,0,0,1,4,4,3,2,4,3,1,1,2,1,3,5,2,2,5,5,1,3,5,4,1,5.0,5.0,1,1,1,1,1,0,0,0,0,0,0,0,1,0,0,1,1,1,1,1,0,0,0,0,1,0,0,0,0,1,1,1,1,0,1,1,0,1,0,0,0,0,0,0,0,1,0,0,1
0,0,0,1,1,3,4,4,2,2,1,5,5,5,5,5,1,1,5,5,1,3,5,5,1,5.0,5.0,1,0,1,1,1,0,0,0,0,0,0,0,1,0,0,1,1,1,1,0,0,0,0,0,1,0,0,0,0,1,1,1,1,0,1,1,0,1,1,0,0,0,0,1,1,0,0,0,1
0,0,1,0,1,1,4,5,4,3,3,5,5,5,3,1,5,5,3,3,3,5,5,5,1,2.0,5.0,1,1,1,1,1,0,1,0,0,0,0,0,0,1,0,1,1,1,1,1,0,0,0,0,0,0,0,0,0,1,1,1,1,0,1,1,0,1,1,1,0,0,0,1,0,0,0,1,0
0,0,0,1,1,5,3,4,2,3,3,1,5,3,4,3,4,5,5,3,3,1,2,4,1,5.0,5.0,1,1,1,1,1,0,0,0,0,0,0,0,0,0,0,1,1,1,1,0,0,0,0,0,0,0,0,0,0,0,0,0,0,0,0,0,1,1,0,0,0,0,0,0,1,0,0,0,1
0,0,1,0,3,1,3,5,3,4,3,1,4,4,3,2,4,5,4,1,2,2,4,5,1,2.0,2.0,1,0,0,0,1,0,1,0,1,0,0,0,0,0,0,1,1,1,1,1,0,0,0,0,0,0,0,0,0,1,0,0,1,0,1,0,0,0,1,0,0,0,1,1,1,0,0,0,0
0,0,0,1,2,2,3,3,3,3,1,4,4,2,4,2,4,4,3,4,3,4,1,4,1,2.0,3.0,1,1,1,1,1,0,0,0,0,0,0,0,1,0,0,0,0,1,1,1,0,1,1,0,0,0,0,0,0,1,1,1,1,0,1,1,0,0,1,0,1,0,0,1,1,0,0,0,1
0,0,0,1,3,5,3,1,1,4,5,4,4,4,3,5,2,2,4,4,1,3,4,2,1,5.0,2.0,1,1,1,1,1,0,0,0,0,0,0,0,1,0,0,1,1,1,1,0,0,0,0,0,0,0,0,1,0,1,1,1,1,0,1,1,0,0,1,0,0,0,0,1,1,0,0,0,0
0,0,1,0,3,2,3,4,4,5,2,5,3,3,4,4,5,5,5,3,1,2,5,5,1,4.0,4.0,1,1,1,1,1,0,0,0,0,0,0,0,0,0,0,1,1,1,1,0,0,0,0,0,1,0,0,1,0,1,1,1,1,0,1,1,0,0,1,0,1,0,1,1,0,1,0,0,0
0,0,0,1,3,3,5,5,5,4,5,1,5,5,5,5,5,5,5,5,1,1,5,1,1,5.0,5.0,0,0,0,0,0,0,0,0,0,0,0,0,0,0,0,0,0,0,0,0,0,0,0,0,0,0,0,0,0,0,0,0,0,0,0,0,0,0,0,0,0,0,0,0,0,0,1,0,0
0,0,1,0,3,3,5,5,3,3,2,5,4,3,3,2,5,5,4,3,3,2,5,5,1,3.0,3.0,0,0,0,0,0,0,0,0,0,0,0,0,0,0,0,0,0,0,0,0,0,0,0,0,0,0,0,0,0,0,0,0,0,0,0,0,0,0,0,0,0,0,0,0,0,0,0,1,0
0,0,1,0,3,2,5,5,3,4,3,4,4,3,4,3,5,5,3,2,3,2,5,5,1,5.0,3.0,0,0,0,0,0,0,0,0,0,0,0,0,0,0,0,0,0,0,0,0,0,0,0,0,0,0,0,0,0,0,0,0,0,0,0,0,0,0,0,0,0,0,0,0,1,0,0,0,0
0,0,1,0,3,5,5,4,4,4,3,2,3,4,4,2,5,5,5,3,3,2,5,5,1,5.0,4.0,0,0,0,0,0,0,0,0,0,0,0,0,0,0,0,0,0,0,0,0,0,0,0,0,0,0,0,0,0,0,0,0,0,0,0,0,0,0,0,0,0,0,0,0,1,0,0,0,0
0,0,1,0,2,3,4,5,4,5,2,4,5,3,4,1,3,3,4,2,4,2,4,5,1,5.0,5.0,0,0,0,0,0,0,0,0,0,0,0,0,0,0,0,0,0,0,0,0,0,0,0,0,0,0,0,0,0,0,0,0,0,0,0,0,0,0,0,0,0,0,0,0,0,0,0,1,0
0,0,1,0,4,5,3,2,3,5,1,5,2,2,5,5,5,5,5,4,1,2,5,5,1,5.0,5.0,0,0,0,0,0,0,0,0,0,0,0,0,0,0,0,0,0,0,0,0,0,0,0,0,0,0,0,0,0,0,0,0,0,0,0,0,0,0,0,0,0,0,0,0,0,0,0,1,0
1,0,0,0,3,5,3,3,1,4,1,5,4,1,3,3,4,5,2,4,2,4,5,4,1,4.0,1.0,0,0,0,0,0,0,0,0,0,0,0,0,0,0,0,0,0,0,0,0,0,0,0,0,0,0,0,0,0,0,0,0,0,0,0,0,0,0,0,0,0,0,0,0,0,0,1,0,0
1,0,0,0,2,1,2,1,4,5,1,3,5,5,4,5,4,2,2,3,2,3,1,5,1,4.0,3.0,0,0,0,0,0,0,0,0,0,0,0,0,0,0,0,0,0,0,0,0,0,0,0,0,0,0,0,0,0,0,0,0,0,0,0,0,0,0,0,0,0,0,0,0,0,0,0,1,0
0,1,0,0,4,3,5,4,1,2,2,1,3,4,2,3,5,5,5,1,3,3,3,3,1,4.0,4.0,0,0,0,0,0,0,0,0,0,0,0,0,0,0,0,0,0,0,0,0,0,0,0,0,0,0,0,0,0,0,0,0,0,0,0,0,0,0,0,0,0,0,0,0,0,0,1,0,0
1,0,0,0,3,2,4,5,5,4,4,1,3,2,3,5,3,4,5,2,2,1,5,5,1,3.0,3.0,0,0,0,0,0,0,0,0,0,0,0,0,0,0,0,0,0,0,0,0,0,0,0,0,0,0,0,0,0,0,0,0,0,0,0,0,0,0,0,0,0,0,0,0,1,0,0,0,0
1,0,0,0,2,2,3,5,1,5,1,4,5,2,5,5,3,4,5,1,1,1,5,5,1,4.0,5.0,0,0,0,0,0,0,0,0,0,0,0,0,0,0,0,0,0,0,0,0,0,0,0,0,0,0,0,0,0,0,0,0,0,0,0,0,0,0,0,0,0,0,0,0,0,0,0,1,0
1,0,0,0,4,2,4,5,3,5,2,1,3,5,4,4,3,3,4,1,1,1,5,5,1,4.0,5.0,0,0,0,0,0,0,0,0,0,0,0,0,0,0,0,0,0,0,0,0,0,0,0,0,0,0,0,0,0,0,0,0,0,0,0,0,0,0,0,0,0,0,0,0,1,0,0,0,0
1,0,0,0,1,1,5,5,1,5,3,1,5,4,5,5,5,5,4,5,1,1,5,1,1,5.0,5.0,0,0,0,0,0,0,0,0,0,0,0,0,0,0,0,0,0,0,0,0,0,0,0,0,0,0,0,0,0,0,0,0,0,0,0,0,0,0,0,0,0,0,0,0,0,0,0,1,0
1,0,0,0,3,3,3,5,4,4,3,1,3,4,5,5,5,5,4,4,1,3,3,5,1,5.0,5.0,0,0,0,0,0,0,0,0,0,0,0,0,0,0,0,0,0,0,0,0,0,0,0,0,0,0,0,0,0,0,0,0,0,0,0,0,0,0,0,0,0,0,0,0,0,0,0,1,0
1,0,0,0,5,5,5,5,5,5,5,1,1,5,5,5,5,5,5,5,1,1,5,5,1,5.0,5.0,0,0,0,0,0,0,0,0,0,0,0,0,0,0,0,0,0,0,0,0,0,0,0,0,0,0,0,0,0,0,0,0,0,0,0,0,0,0,0,0,0,0,0,0,0,0,0,1,0
1,0,0,0,5,5,5,5,5,5,1,1,1,5,5,5,5,5,5,5,5,5,1,1,1,5.0,5.0,0,0,0,0,0,0,0,0,0,0,0,0,0,0,0,0,0,0,0,0,0,0,0,0,0,0,0,0,0,0,0,0,0,0,0,0,0,0,0,0,0,0,0,0,0,0,0,1,0
1,0,0,0,1,3,5,5,5,5,1,1,5,5,3,3,4,3,4,3,3,2,5,1,1,1.0,1.0,0,0,0,0,0,0,0,0,0,0,0,0,0,0,0,0,0,0,0,0,0,0,0,0,0,0,0,0,0,0,0,0,0,0,0,0,0,0,0,0,0,0,0,0,0,0,1,0,0
1,0,0,0,3,3,5,5,2,4,3,1,4,3,5,5,5,5,5,5,1,1,5,4,1,3.0,5.0,0,0,0,0,0,0,0,0,0,0,0,0,0,0,0,0,0,0,0,0,0,0,0,0,0,0,0,0,0,0,0,0,0,0,0,0,0,0,0,0,0,0,0,0,1,0,0,0,0
0,0,0,1,3,3,3,5,3,5,4,3,4,3,3,3,4,4,1,3,3,3,4,5,1,2.0,1.0,0,0,0,0,0,0,0,0,0,0,0,0,0,0,0,0,0,0,0,0,0,0,0,0,0,0,0,0,0,0,0,0,0,0,0,0,0,0,0,0,0,0,0,0,0,1,0,0,0
0,0,1,0,3,5,5,5,3,3,3,1,3,4,4,4,4,4,4,4,1,2,4,3,1,3.0,4.0,0,0,0,0,0,0,0,0,0,0,0,0,0,0,0,0,0,0,0,0,0,0,0,0,0,0,0,0,0,0,0,0,0,0,0,0,0,0,0,0,0,0,0,0,0,1,0,0,0
0,0,1,0,5,1,2,5,3,3,2,4,5,3,4,3,3,3,5,3,2,2,5,5,1,4.0,4.0,0,0,0,0,0,0,0,0,0,0,0,0,0,0,0,0,0,0,0,0,0,0,0,0,0,0,0,0,0,0,0,0,0,0,0,0,0,0,0,0,0,0,0,0,1,0,0,0,0
1,0,0,0,1,2,5,5,3,5,3,5,5,1,1,3,3,2,4,2,2,3,5,5,1,4.0,5.0,0,0,0,0,0,0,0,0,0,0,0,0,0,0,0,0,0,0,0,0,0,0,0,0,0,0,0,0,0,0,0,0,0,0,0,0,0,0,0,0,0,0,0,0,0,0,0,1,0
0,0,1,0,3,4,2,3,3,3,1,2,3,2,3,5,4,4,4,3,1,2,4,2,1,4.0,5.0,0,0,0,0,0,0,0,0,0,0,0,0,0,0,0,0,0,0,0,0,0,0,0,0,0,0,0,0,0,0,0,0,0,0,0,0,0,0,0,0,0,0,0,0,0,1,0,0,0
1,0,0,0,1,3,2,4,2,3,2,2,4,3,3,3,2,1,3,3,2,1,3,3,1,3.0,3.0,0,0,0,0,0,0,0,0,0,0,0,0,0,0,0,0,0,0,0,0,0,0,0,0,0,0,0,0,0,0,0,0,0,0,0,0,0,0,0,0,0,0,0,0,1,0,0,0,0
0,0,0,1,1,2,4,5,3,3,2,4,5,3,3,1,5,5,3,2,2,2,4,4,1,3.0,2.0,0,0,0,0,0,0,0,0,0,0,0,0,0,0,0,0,0,0,0,0,0,0,0,0,0,0,0,0,0,0,0,0,0,0,0,0,0,0,0,0,0,0,0,0,0,0,0,1,0
0,0,0,1,3,2,5,5,3,4,1,1,5,4,5,4,5,5,4,3,1,2,5,5,1,5.0,3.0,0,0,0,0,0,0,0,0,0,0,0,0,0,0,0,0,0,0,0,0,0,0,0,0,0,0,0,0,0,0,0,0,0,0,0,0,0,0,0,0,0,0,0,0,1,0,0,0,0
0,1,0,0,3,5,3,3,2,2,1,5,5,5,4,5,5,5,4,2,1,3,5,5,1,4.0,5.0,0,0,0,0,0,0,0,0,0,0,0,0,0,0,0,0,0,0,0,0,0,0,0,0,0,0,0,0,0,0,0,0,0,0,0,0,0,0,0,0,0,0,0,0,0,0,0,1,0
1,0,0,0,3,3,2,5,2,5,3,2,3,2,4,5,4,4,5,4,1,2,5,2,1,4.0,3.0,0,0,0,0,0,0,0,0,0,0,0,0,0,0,0,0,0,0,0,0,0,0,0,0,0,0,0,0,0,0,0,0,0,0,0,0,0,0,0,0,0,0,0,0,0,1,0,0,0
1,0,0,0,2,2,5,5,3,3,5,1,5,5,5,3,4,4,4,2,1,3,3,5,1,2.0,5.0,0,0,0,0,0,0,0,0,0,0,0,0,0,0,0,0,0,0,0,0,0,0,0,0,0,0,0,0,0,0,0,0,0,0,0,0,0,0,0,0,0,0,0,0,0,0,0,1,0
0,0,0,1,3,5,5,5,5,5,2,5,3,4,5,3,2,2,3,2,1,2,5,5,1,4.0,5.0,0,0,0,0,0,0,0,0,0,0,0,0,0,0,0,0,0,0,0,0,0,0,0,0,0,0,0,0,0,0,0,0,0,0,0,0,0,0,0,0,0,0,0,0,1,0,0,0,0
0,0,1,0,1,5,5,5,5,5,3,1,5,5,4,5,3,3,2,3,2,4,5,2,1,5.0,5.0,0,0,0,0,0,0,0,0,0,0,0,0,0,0,0,0,0,0,0,0,0,0,0,0,0,0,0,0,0,0,0,0,0,0,0,0,0,0,0,0,0,0,0,0,0,0,0,1,0
0,0,0,1,3,5,4,5,2,4,1,1,5,4,5,5,3,4,3,3,1,3,5,1,1,2.0,3.0,0,0,0,0,0,0,0,0,0,0,0,0,0,0,0,0,0,0,0,0,0,0,0,0,0,0,0,0,0,0,0,0,0,0,0,0,0,0,0,0,0,0,0,0,0,1,0,0,0
0,0,0,1,4,4,4,5,1,4,1,5,4,1,4,3,4,4,2,2,4,5,4,5,1,5.0,3.0,0,0,0,0,0,0,0,0,0,0,0,0,0,0,0,0,0,0,0,0,0,0,0,0,0,0,0,0,0,0,0,0,0,0,0,0,0,0,0,0,0,0,0,0,0,1,0,0,0
0,0,0,1,2,2,5,5,5,5,5,5,4,2,3,3,5,5,5,5,5,3,2,5,1,4.0,2.0,0,0,0,0,0,0,0,0,0,0,0,0,0,0,0,0,0,0,0,0,0,0,0,0,0,0,0,0,0,0,0,0,0,0,0,0,0,0,0,0,0,0,0,0,1,0,0,0,0
0,0,1,0,1,2,5,5,2,4,3,2,5,5,5,3,4,5,4,5,3,1,3,5,1,5.0,5.0,0,0,0,0,0,0,0,0,0,0,0,0,0,0,0,0,0,0,0,0,0,0,0,0,0,0,0,0,0,0,0,0,0,0,0,0,0,0,0,0,0,0,0,0,0,0,0,1,0
