is_Above_35,is_Below_18,is_Between_25_and_35,is_Between_18_and_24,I enjoy places that are crowded with people,I enjoy nightlife ,I can't wait for my next outdoor activity,I find spending time in nature to be relaxing ,I like to go to museums and art galleries ,I find cultural and educational topics interesting ,"In my free time, you will find me reading a book",I am not a religious person,I enjoy places that are calm and not too crowded with people,I consider myself a spiritual person,I enjoy spending some time on self-care and personal services,I enjoy shopping for clothes,I enjoy physical exercise ,I like to practice sports,I enjoy dining in restaurants,I find grocery shopping fun,I absolutely hate shopping in general,I prefer take-away and delivery over dining in a restaurant,Sometimes a movie night is what I need,I like animals
0,0,0,1,4,5,4,5,2,3,1,5,3,3,4,2,4,4,4,3,4,3,5,5
0,0,0,1,3,2,5,5,5,5,5,4,4,3,4,3,5,5,4,5,5,3,4,5
0,0,1,0,2,5,5,5,3,2,3,5,5,4,3,4,4,4,4,2,3,1,2,5
0,0,0,1,2,4,3,5,4,4,5,1,4,4,4,3,4,4,3,2,3,3,5,3
0,0,0,1,2,5,3,5,1,3,1,2,4,3,3,3,3,4,5,4,3,4,4,5
0,0,0,1,2,1,4,3,3,4,2,1,4,3,4,4,4,4,5,3,2,3,4,1
0,0,0,1,2,1,1,2,2,2,2,5,4,1,4,3,5,4,4,4,1,1,5,4
0,0,0,1,5,5,5,5,3,5,5,4,2,5,5,1,5,5,5,1,1,1,5,5
0,0,0,1,3,4,3,5,3,5,3,1,4,3,3,2,4,5,4,1,4,2,4,3
0,0,0,1,1,1,5,5,3,5,1,3,5,3,3,2,5,5,5,3,1,1,5,5
0,0,1,0,1,3,4,5,1,3,1,5,5,3,3,3,5,5,3,3,5,5,5,5
0,0,0,1,3,3,3,3,3,3,3,2,4,4,4,2,4,4,5,5,5,5,5,5
0,0,0,1,2,5,5,5,5,3,4,2,5,3,5,5,5,5,4,5,1,4,5,5
0,0,1,0,3,4,4,4,4,5,3,5,4,2,3,5,5,5,5,3,1,1,4,2
0,0,0,1,3,1,4,5,3,4,3,1,5,4,3,2,3,3,2,4,2,4,2,5
0,0,1,0,2,2,2,5,5,5,3,1,5,3,5,4,5,5,5,5,1,1,5,5
0,0,0,1,3,5,4,4,3,4,1,5,4,3,4,3,5,5,5,3,4,3,4,5
0,0,1,0,3,3,3,5,4,4,4,3,4,3,4,1,5,5,3,3,2,2,3,5
0,0,1,0,3,4,4,4,3,4,2,1,3,5,4,5,4,4,4,4,1,3,4,5
0,0,0,1,2,4,4,5,4,5,3,2,3,4,3,1,4,3,2,1,4,3,4,5
0,0,0,1,5,5,5,5,5,4,3,1,3,4,3,3,4,4,5,4,2,1,5,3
0,0,0,1,2,3,2,5,3,3,1,1,5,4,5,3,5,3,3,3,1,5,5,5
0,0,0,1,3,4,4,5,5,5,5,4,3,4,5,4,5,4,5,4,3,3,5,5
0,0,0,1,1,1,1,3,1,3,3,3,5,1,3,5,5,5,5,5,1,5,5,5
0,0,1,0,3,2,4,3,2,4,2,1,3,4,3,2,5,5,4,2,2,1,4,5
0,0,1,0,5,3,2,3,1,5,5,5,1,1,5,1,5,5,3,1,3,1,5,5
0,0,1,0,4,5,5,5,1,3,1,2,4,3,4,4,4,5,3,3,2,3,4,4
0,0,0,1,3,5,4,5,1,5,3,5,5,1,5,5,5,5,5,5,1,1,5,5
0,0,0,1,3,1,3,5,3,3,5,1,3,5,5,1,5,5,5,5,1,1,3,5
0,0,0,1,1,1,2,4,4,4,1,2,5,2,4,2,5,5,3,1,4,4,3,4
0,0,1,0,5,5,5,1,1,5,1,5,1,5,5,5,5,5,1,1,5,5,5,1
0,0,0,1,3,4,3,4,2,3,1,3,5,3,4,5,3,3,5,5,1,1,3,2
0,0,1,0,3,4,4,5,2,5,5,5,3,5,5,4,4,4,4,1,5,3,5,5
0,0,0,1,4,5,5,5,5,5,1,5,5,2,5,3,5,4,5,2,3,3,5,5
0,0,1,0,1,2,5,5,1,3,4,5,5,4,4,1,5,5,3,1,5,4,5,5
0,0,0,1,5,5,5,5,3,3,1,1,3,4,5,4,5,5,5,3,1,1,5,4
0,0,0,1,3,3,5,5,3,5,3,1,5,4,2,1,3,4,3,2,2,3,3,3
0,0,0,1,1,1,5,5,4,4,5,4,5,3,4,1,4,5,3,1,5,5,5,5
0,0,0,1,4,4,4,5,5,5,5,2,4,2,5,5,5,5,4,5,1,3,4,4
0,0,0,1,4,4,3,2,4,3,1,1,2,1,3,5,2,2,5,5,1,3,5,4
0,0,0,1,4,3,2,5,5,5,4,2,5,3,5,5,5,5,3,5,1,2,5,5
0,0,0,1,3,4,3,5,2,4,1,5,4,2,2,3,3,2,2,4,3,2,3,3
0,0,0,1,1,3,4,4,2,2,1,5,5,5,5,5,1,1,5,5,1,3,5,5
0,0,1,0,1,1,4,5,4,3,3,5,5,5,3,1,5,5,3,3,3,5,5,5
0,0,1,0,3,2,3,4,4,4,5,1,4,3,3,2,2,2,2,1,4,3,5,3
0,0,0,1,1,5,3,4,2,3,3,1,5,3,4,3,4,5,5,3,3,1,2,4
0,0,1,0,3,1,3,5,3,4,3,1,4,4,3,2,4,5,4,1,2,2,4,5
0,0,1,0,4,4,4,5,3,4,4,2,1,2,4,5,4,4,4,2,4,2,1,5
1,0,0,0,3,3,3,4,4,5,3,3,4,4,4,3,5,5,4,3,2,3,3,3
0,0,0,1,3,3,2,5,1,2,3,2,5,4,4,3,5,5,2,3,5,5,4,4
0,0,0,1,2,2,3,3,3,3,1,4,4,2,4,2,4,4,3,4,3,4,1,4
0,0,0,1,3,2,2,4,2,3,5,5,5,2,3,1,4,4,3,2,2,4,3,5
0,0,0,1,4,5,4,4,3,4,1,2,2,2,4,4,4,4,4,4,1,1,5,5
0,0,0,1,3,5,3,1,1,4,5,4,4,4,3,5,2,2,4,4,1,3,4,2
0,1,0,0,4,5,5,5,5,5,4,1,3,3,3,2,5,5,4,5,3,2,5,5
0,0,0,1,2,5,3,5,2,3,3,1,4,3,4,1,2,3,5,3,3,4,3,4
0,0,1,0,3,3,3,5,4,4,2,1,3,4,4,4,5,5,3,3,1,3,4,4
0,0,0,1,2,4,4,5,2,3,1,1,5,2,4,3,5,5,4,4,2,3,5,5
0,0,1,0,3,2,3,4,4,5,2,5,3,3,4,4,5,5,5,3,1,2,5,5
1,0,0,0,3,4,4,5,3,5,4,4,4,4,4,2,4,4,3,2,2,4,3,3
0,0,0,1,2,2,4,5,3,3,2,3,5,2,2,2,5,5,2,2,3,4,5,5
0,0,0,1,3,4,5,4,5,4,3,2,4,3,4,3,4,4,4,3,3,3,3,4
0,0,1,0,3,2,4,5,3,5,3,5,4,1,5,1,5,4,3,5,3,3,3,3
0,0,0,1,3,3,5,5,5,4,5,1,5,5,5,5,5,5,5,5,1,1,5,1
0,0,1,0,3,3,5,5,3,3,2,5,4,3,3,2,5,5,4,3,3,2,5,5
0,0,1,0,3,2,5,5,3,4,3,4,4,3,4,3,5,5,3,2,3,2,5,5
0,0,1,0,3,2,4,5,2,4,2,5,5,3,4,5,5,5,3,2,1,2,4,5
0,0,1,0,3,5,5,4,4,4,3,2,3,4,4,2,5,5,5,3,3,2,5,5
0,0,1,0,2,3,4,5,4,5,2,4,5,3,4,1,3,3,4,2,4,2,4,5
0,0,1,0,4,5,3,2,3,5,1,5,2,2,5,5,5,5,5,4,1,2,5,5
1,0,0,0,3,5,3,3,1,4,1,5,4,1,3,3,4,5,2,4,2,4,5,4
0,0,1,0,3,3,5,5,4,5,5,2,4,3,4,3,5,5,4,3,1,1,4,4
1,0,0,0,3,3,4,5,2,4,3,3,5,3,5,4,5,5,3,3,4,4,5,5
0,0,1,0,2,3,3,4,4,4,5,4,5,3,3,3,3,4,4,2,2,3,3,5
0,0,1,0,1,1,3,5,4,5,4,2,4,4,4,2,3,3,3,3,3,5,5,5
0,0,1,0,4,4,5,5,3,5,5,3,4,3,4,2,4,4,4,3,1,1,4,5
0,0,0,1,3,4,4,4,3,4,4,2,4,3,3,1,5,5,3,3,5,3,4,5
0,0,1,0,5,5,3,3,4,4,2,4,2,3,4,4,3,3,4,3,2,2,5,4
0,0,0,1,5,2,4,3,5,5,1,5,5,3,5,3,2,2,3,4,3,5,2,4
1,0,0,0,2,1,2,1,4,5,1,3,5,5,4,5,4,2,2,3,2,3,1,5
0,0,0,1,3,4,3,5,2,4,3,1,4,3,4,3,3,4,5,4,2,3,3,5
0,1,0,0,4,3,5,4,1,2,2,1,3,4,2,3,5,5,5,1,3,3,3,3
0,1,0,0,2,2,5,5,4,4,3,1,4,1,4,2,5,5,2,2,4,3,2,4
0,0,1,0,1,1,5,5,5,3,1,5,5,3,4,4,5,5,3,5,1,3,4,5
1,0,0,0,3,2,4,5,5,4,4,1,3,2,3,5,3,4,5,2,2,1,5,5
1,0,0,0,2,2,3,5,1,5,1,4,5,2,5,5,3,4,5,1,1,1,5,5
1,0,0,0,4,2,4,5,3,5,2,1,3,5,4,4,3,3,4,1,1,1,5,5
1,0,0,0,1,1,5,5,1,5,3,1,5,4,5,5,5,5,4,5,1,1,5,1
1,0,0,0,3,3,3,5,4,4,3,1,3,4,5,5,5,5,4,4,1,3,3,5
1,0,0,0,5,5,5,5,5,5,5,1,1,5,5,5,5,5,5,5,1,1,5,5
0,0,1,0,2,2,5,5,3,3,2,5,5,3,4,2,5,5,2,3,3,4,5,4
1,0,0,0,5,5,5,5,5,5,1,1,1,5,5,5,5,5,5,5,5,5,1,1
1,0,0,0,3,3,3,4,3,4,4,1,5,3,4,3,3,4,4,4,1,3,4,4
1,0,0,0,5,4,3,4,4,3,1,1,2,4,4,3,5,5,5,3,3,2,4,5
1,0,0,0,1,3,5,5,5,5,1,1,5,5,3,3,4,3,4,3,3,2,5,1
1,0,0,0,3,3,5,5,2,4,3,1,4,3,5,5,5,5,5,5,1,1,5,4
0,0,1,0,3,1,5,5,5,5,5,2,4,4,5,5,4,4,5,5,1,1,5,5
0,0,0,1,3,3,3,5,3,5,4,3,4,3,3,3,4,4,1,3,3,3,4,5
0,0,1,0,3,5,5,5,3,3,3,1,3,4,4,4,4,4,4,4,1,2,4,3
0,0,0,1,3,4,5,5,3,5,3,2,4,4,5,5,4,4,5,5,1,2,5,5
0,0,1,0,3,4,1,3,4,4,3,1,3,3,3,4,4,5,4,3,2,3,3,5
0,0,1,0,3,1,4,3,3,3,2,1,2,5,4,4,4,4,4,4,2,1,4,2
0,0,1,0,5,1,2,5,3,3,2,4,5,3,4,3,3,3,5,3,2,2,5,5
1,0,0,0,1,2,5,5,3,5,3,5,5,1,1,3,3,2,4,2,2,3,5,5
1,0,0,0,3,5,5,5,5,5,3,3,3,3,3,5,4,5,5,3,1,5,5,5
0,0,1,0,3,4,2,3,3,3,1,2,3,2,3,5,4,4,4,3,1,2,4,2
0,0,0,1,3,5,2,4,5,5,4,3,3,5,5,5,5,5,5,5,1,1,5,5
0,0,0,1,5,3,5,5,3,4,1,1,5,5,3,5,4,4,3,5,2,1,4,3
1,0,0,0,1,3,2,4,2,3,2,2,4,3,3,3,2,1,3,3,2,1,3,3
0,0,0,1,1,2,4,5,3,3,2,4,5,3,3,1,5,5,3,2,2,2,4,4
0,0,0,1,3,2,5,5,3,4,1,1,5,4,5,4,5,5,4,3,1,2,5,5
0,0,0,1,2,3,5,5,5,5,5,2,5,4,5,2,5,5,5,5,3,2,5,5
0,1,0,0,3,5,3,3,2,2,1,5,5,5,4,5,5,5,4,2,1,3,5,5
0,0,0,1,2,4,2,1,4,5,4,1,5,2,5,5,1,2,5,5,1,1,5,2
0,0,0,1,3,2,3,3,3,4,1,4,4,2,1,2,4,5,2,2,4,4,4,4
1,0,0,0,3,3,2,5,2,5,3,2,3,2,4,5,4,4,5,4,1,2,5,2
0,0,0,1,2,1,3,2,2,5,2,4,4,1,2,2,4,4,2,2,4,4,4,4
0,0,0,1,5,2,5,5,3,5,2,2,5,1,2,3,4,4,3,3,2,3,2,4
0,0,0,1,2,2,4,4,4,3,1,4,4,3,4,5,5,5,4,3,2,3,2,4
1,0,0,0,2,2,5,5,3,3,5,1,5,5,5,3,4,4,4,2,1,3,3,5
0,0,0,1,3,3,5,5,4,5,2,4,5,1,2,4,3,3,5,3,1,2,4,4
0,0,0,1,3,5,5,5,5,5,2,5,3,4,5,3,2,2,3,2,1,2,5,5
0,0,0,1,3,4,5,5,1,2,1,3,4,1,3,1,4,3,1,3,5,5,5,4
0,0,0,1,3,4,5,5,5,5,3,5,3,1,3,3,3,3,5,3,1,2,4,4
0,0,1,0,3,3,3,5,3,3,2,5,4,3,4,2,5,5,4,2,3,3,4,5
0,0,1,0,1,5,5,5,5,5,3,1,5,5,4,5,3,3,2,3,2,4,5,2
0,0,0,1,3,5,4,5,2,4,1,1,5,4,5,5,3,4,3,3,1,3,5,1
0,0,0,1,4,4,4,5,1,4,1,5,4,1,4,3,4,4,2,2,4,5,4,5
0,0,0,1,4,5,5,5,4,5,2,3,5,4,5,3,5,5,5,2,2,1,5,5
0,0,0,1,2,2,5,5,5,5,5,5,4,2,3,3,5,5,5,5,5,3,2,5
0,0,0,1,3,5,5,4,3,4,1,3,5,3,5,5,5,5,5,5,1,2,5,5
0,0,1,0,1,2,5,5,2,4,3,2,5,5,5,3,4,5,4,5,3,1,3,5
